172752.65 
341837.84 
346598.1 
364497.61 
391025.8 
423243.48 
451650.32 
478099.7 
517765.15 
14059.36 
-275358.89 
-438336.44 
-519877.39 
-556938.8 
-568035.68 
-562171.18 
-544431.85 
-492804.33 
-390170.21 
-260225.99 
-78502.1 
76571.2 
178065.44 
251263.11 
298329.38 
326146.89 
345675.01 
361080.44 
38639.9 
-137190.24 
-236038.74 
-290785.15 
-317576.21 
-326898.98 
-323387.37 
-309075.64 
-293251.8 
-279414.32 
-272947.03 
-276038.52 
-279759.38 
-284699.57 
-293180.33 
-307173.76 
-325444.11 
-341534.88 
-356210.95 
-284723.98 
-253711.87 
-243479.7 
-238359.52 
-238781.41 
-244279.74 
-247295.81 
-244678.05 
-237625.29 
-227150.66 
-214808.96 
-201431.91 
-186702.07 
-176989.19 
-169523.41 
-163844.8 
-158542.27 
-154059.18 
-149694.26 
-145667.26 
-141265.48 
-136659.44 
-131243.01 
-124559.64 
-116372.58 
-106644.08 
-96174.69 
-85491.6 
-74428.21 
-63104.65 
-52111.11 
-41451.59 
-33791.86 
-28389.36 
-24258.7 
-20826.31 
-17729.78 
-15158.38 
-12609.32 
-10327.08 
-7962.59 
-5660.37 
-3498.46 
-1732.59 
355.88 
1743.48 
3011.57 
3832.01 
4463.73 
4994.62 
5310.73 
5902.49 
6988.25 
7820.64 
8811.11 
9333.31 
9663.37 
9843.83 
9710.86 
9619.54 
9079.4 
9080.74 
8874.9 
8582.51 
8351.79 
7980.33 
7854.38 
7609.13 
7238.14 
7013.23 
6865.83 
6455.36 
6041.75 
5873.51 
5721.9 
5288.08 
4619.53 
3901.95 
2684.71 
2033.89 
1207.98 
488.25 
88.97 
90.5699999999 
81.9 
321.68 
485.52 
734.7 
853.77 
1203.25 
1637.64 
2522.92 
3140.11 
4079.39 
4754.91 
5467.11 
6171.15 
6507.83 
6793.81 
7187.33 
7254.4 
7099.44 
6546.43 
5768.26 
4906.72 
4187.94 
3368.49 
3069.57 
2657.92 
2401.3 
2395.23 
2305.79 
2200.74 
2275.51 
2221.53 
2366.34 
2404.58 
2414.83 
2409.6 
2330.99 
2371.08 
2260.37 
2124.12 
2063.37 
1701.3 
1508.55 
1084.99 
539.33 
40.05 
-1285.21 
-6108.56 
-10696.13 
-13745.13 
-16116.4 
-17676.57 
-18681.82 
-19605.91 
-20245.29 
-21023.71 
-21695.02 
-21967.73 
-22369.48 
-22615.23 
-22566.45 
-21917.25 
-19958.76 
-16538.04 
-10917.34 
-5465.92 
195.93 
3299.66 
14511.91 
23758.22 
30703.98 
32171.63 
27750.77 
20903.46 
15293.92 
11107.6 
8279.7 
6431.37 
4573.44 
3279.54 
1656.89 
346.21 
-476.74 
-1214.16 
-1936.25 
-2207.83 
-1958.61 
-700.38 
1250.78 
3875.61 
7509.94 
11276.95 
15756.65 
17715.6 
18359.65 
18324.03 
18049.07 
17678.84 
16738.95 
15812.89 
15093.24 
14240.58 
12794.59 
11707.61 
10868.6 
10077.39 
9152.31 
8265.76 
7715.91 
7033.68 
5977.33 
5168.43 
4409.57 
4007.62 
3326.03 
3031.83 
2701.27 
2285.23 
2043.82 
1777.65 
1914.98 
1634.34 
1906.08 
1853.29 
1927.17 
1641.47 
1504.58 
1169.45 
744.06 
430.21 
-108.52 
-595.68 
-1301.08 
-1619.34 
-1810.0 
-1868.75 
-1734.8 
-1779.94 
-1834.2 
-1965.23 
-1793.05 
-2160.5 
-2549.13 
-2874.4 
-3211.01 
-3421.25 
-3765.89 
-4378.87 
-4815.03 
-5889.84 
-6965.23 
-8619.73 
-9975.74 
-11082.62 
-11913.68 
-12343.79 
-12829.72 
-12662.71 
-12644.21 
-12723.56 
-12590.52 
-12748.96 
-13115.33 
-12891.78 
-12895.97 
-12617.53 
-12533.6 
-12241.4 
-11622.27 
-11306.72 
-10659.77 
-10233.74 
-9522.21 
-8965.64 
-8160.85 
-7885.26 
-7565.6 
-7079.31 
-6505.97 
-6447.38 
-5879.0 
-5444.24 
-4979.09 
-4602.23 
-4358.04 
-4156.92 
-3766.87 
-3570.17 
-3326.15 
-3115.73 
-2824.66 
-2554.5 
-1941.62 
-1598.9 
-1756.93 
-1332.71 
-1166.69 
-919.44 
-871.16 
-892.91 
-658.47 
-627.86 
-683.62 
-976.56 
-760.21 
-738.89 
-636.64 
-663.07 
-421.89 
-441.2 
-752.67 
-576.78 
-652.24 
-336.3 
-471.79 
-567.55 
-428.7 
-500.54 
-972.57 
-1070.67 
-1122.59 
-1194.24 
-1174.5 
-939.44 
-859.28 
-593.85 
-489.15 
-90.77 
23.13 
27.17 
464.62 
478.66 
768.29 
901.78 
1121.39 
1289.73 
1388.89 
1551.93 
1692.87 
2018.96 
2387.11 
2625.05 
2900.95 
2971.22 
3121.26 
3236.58 
3387.54 
3402.46 
3611.79 
3679.88 
3864.79 
3940.88 
3912.46 
4208.03 
4225.07 
4168.85 
4239.37 
4358.49 
4459.92 
4355.67 
4431.52 
4502.34 
4412.18 
4411.52 
4492.24 
4288.02 
4341.37 
4079.54 
4157.11 
4209.45 
4285.62 
4124.95 
3984.87 
4145.0 
4080.66 
4120.0 
4204.67 
4503.97 
4367.62 
4224.34 
4605.67 
4497.34 
4726.74 
4784.94 
4783.06 
4956.3 
5036.32 
5236.56 
5677.14 
5810.14 
6166.28 
6497.92 
6745.8 
7097.59 
7508.63 
7878.45 
8068.09 
8605.94 
8520.4 
8669.15 
9052.87 
9217.76 
9269.41 
9351.56 
9438.35 
9143.27 
8848.85 
8669.09 
8265.56 
8033.6 
8032.08 
8124.37 
8233.77 
7960.07 
7580.69 
6803.3 
6142.77 
5427.93 
5880.82 
7408.83 
9263.61 
8361.89 
6593.87 
4410.59 
2867.13 
1040.76 
-268.41 
-1549.99 
-2880.78 
-4375.64 
-5909.55 
-7399.36 
-9023.7 
-10411.83 
-11134.16 
-11770.97 
-11914.96 
-12006.18 
-12020.19 
-11411.62 
-10794.72 
-9975.09 
-8978.38 
-8121.14 
-7232.03 
-6271.56 
-5312.21 
-4224.53 
-2902.34 
-1691.45 
-381.59 
566.48 
1739.78 
2623.07 
3583.58 
4715.57 
5267.23 
5702.96 
6182.13 
6355.67 
6465.64 
6340.37 
6371.65 
5950.13 
5929.87 
5626.97 
5283.93 
5005.51 
4815.82 
4249.66 
4166.77 
4066.95 
3965.65 
3721.95 
3980.57 
3800.1 
3786.4 
3839.18 
3612.96 
3747.17 
3757.74 
3802.22 
3677.23 
3681.45 
3319.44 
2981.26 
2735.95 
2257.71 
1973.15 
1799.98 
1512.88 
1269.35 
1104.18 
918.2 
852.7 
905.14 
639.43 
614.94 
562.89 
635.59 
532.47 
423.31 
534.61 
465.92 
581.21 
605.42 
602.15 
675.55 
827.88 
946.2 
1152.28 
1364.71 
1515.83 
1768.04 
1985.75 
1744.79 
1629.06 
1129.71 
804.28 
368.01 
-243.15 
-567.34 
-1073.15 
-1474.09 
-1905.88 
-2304.08 
-2666.78 
-3157.62 
-3348.41 
-3504.97 
-3556.99 
-3732.6 
-3714.99 
-3725.3 
-3779.97 
-3865.11 
-3890.48 
-3835.04 
-3989.89 
-4005.17 
-4071.18 
-4026.33 
-3900.48 
-3952.82 
-4131.26 
-3739.34 
-3794.88 
-3854.62 
-3923.39 
-3652.96 
-3469.11 
-3409.77 
-3091.63 
-2969.96 
-2873.92 
-2573.51 
-2275.12 
-1927.38 
-1947.16 
-1353.48 
-1187.21 
-994.85 
-695.1 
-495.92 
-377.89 
-35.34 
247.56 
535.14 
474.31 
622.31 
637.04 
357.02 
121.18 
-286.09 
-823.17 
-987.06 
-1513.36 
-1687.14 
-1859.04 
-1995.92 
-2436.21 
-2410.6 
-2633.6 
-2770.41 
-2752.61 
-2735.38 
-2628.8 
-2548.55 
-2462.88 
-2445.2 
-2509.01 
-2456.6 
-2520.56 
-2528.68 
-2575.08 
-2439.3 
-2654.57 
-2560.26 
-2532.76 
-2420.46 
-2401.23 
-2335.09 
-1931.2 
-2001.42 
-1896.62 
-1655.9 
-1290.62 
-1264.34 
-958.74 
-809.9 
-717.85 
-251.19 
-149.47 
-188.59 
176.4 
199.17 
520.41 
872.02 
1077.88 
1082.28 
1063.39 
1237.04 
1483.57 
1067.74 
812.88 
536.07 
1.13 
-210.6 
-438.41 
-590.57 
-1067.97 
-1225.71 
-1466.28 
-1677.42 
-1616.2 
-1771.15 
-1893.41 
-2004.79 
-1878.48 
-2158.44 
-2057.5 
-1886.53 
-1651.37 
-1783.33 
-1686.4 
-1595.74 
-1615.07 
-1601.17 
-1653.7 
-1678.88 
-1386.92 
-1600.07 
-1464.7 
-1531.84 
-1414.76 
-1156.56 
-1139.18 
-993.73 
-806.98 
-598.23 
-456.22 
-232.4 
98.62 
134.7 
221.4 
366.56 
565.36 
789.05 
748.23 
1106.99 
1253.57 
1376.31 
1474.86 
1679.7 
1841.43 
1695.99 
1851.77 
1585.77 
1550.05 
942.83 
744.35 
257.7 
-97.85 
-358.94 
-711.77 
-943.51 
-1103.41 
-1268.69 
-1330.48 
-1469.71 
-1407.15 
-1537.04 
-1446.73 
-1395.78 
-1468.26 
-1282.22 
-1267.14 
-1375.46 
-1326.43 
-1267.63 
-1376.26 
-1398.19 
-1280.36 
-1209.19 
-1054.15 
-967.33 
-1137.35 
-1069.97 
-993.65 
-695.03 
-609.84 
-686.5 
-510.5 
-526.96 
-124.58 
20.81 
138.48 
227.55 
365.37 
574.51 
832.24 
922.85 
1042.93 
1344.59 
1320.6 
1645.35 
1509.57 
1699.28 
1248.89 
1148.8 
803.28 
351.25 
-28.45 
-262.16 
-609.45 
-754.81 
-948.57 
-1219.05 
-1359.89 
-1325.04 
-1582.32 
-1630.23 
-1655.83 
-1533.52 
-1372.96 
-1567.96 
-1424.82 
-1319.65 
-1524.03 
-1679.17 
-1325.25 
-1483.74 
-1351.75 
-1275.75 
-1104.71 
-1426.87 
-1412.71 
-1230.47 
-1143.65 
-961.04 
-900.31 
-805.39 
-696.55 
-509.94 
-587.44 
-331.77 
-129.28 
-137.9 
330.37 
471.28 
373.83 
600.53 
789.82 
1008.84 
1055.12 
1321.97 
1497.8 
1512.01 
1920.45 
2123.13 
2241.65 
2283.63 
2284.13 
2330.34 
2431.35 
2377.75 
2127.25 
1933.83 
1335.26 
835.46 
689.36 
249.72 
-230.78 
-488.49 
-785.95 
-893.16 
-967.32 
-1103.7 
-1160.79 
-1594.7 
-1655.26 
-1712.0 
-1785.49 
-1705.3 
-1817.63 
-1946.86 
-2015.16 
-1792.72 
-1978.74 
-1768.99 
-1974.87 
-2012.56 
-1976.95 
-2144.06 
-1817.53 
-2012.56 
-1936.19 
-1883.67 
-1759.87 
-1555.27 
-1651.32 
-1362.36 
-1353.37 
-1212.09 
-1025.97 
-1032.66 
-833.0 
-590.87 
-485.69 
-383.12 
-76.27 
-78.63 
78.01 
175.63 
404.41 
471.41 
491.83 
554.94 
854.74 
1125.94 
1322.31 
1254.95 
1437.99 
1614.95 
1721.87 
1987.88 
2017.01 
2153.88 
2289.86 
2655.11 
2473.4 
2736.79 
2548.89 
2820.83 
2725.95 
2453.28 
2132.35 
1998.54 
1349.21 
1030.96 
709.95 
106.21 
-180.11 
-125.97 
-420.74 
-676.44 
-966.31 
-982.16 
-971.12 
-1242.21 
-1218.11 
-1378.54 
-1498.72 
-1446.19 
-1504.37 
-1556.71 
-1614.64 
-1785.48 
-1696.49 
-1893.19 
-1822.46 
-1836.96 
-1885.22 
-1898.2 
-2054.27 
-1873.84 
-1813.71 
-1892.23 
-1840.92 
-1959.13 
-1727.58 
-1693.41 
-1852.01 
-1486.67 
-1370.85 
-1464.73 
-1181.95 
-999.59 
-751.43 
-651.6 
-575.23 
-664.23 
-373.16 
-166.81 
-250.13 
-106.78 
159.12 
373.13 
516.12 
625.36 
809.76 
739.19 
827.85 
1043.36 
1153.45 
1262.86 
1514.84 
1350.21 
1458.93 
1711.12 
1925.66 
2050.99 
2144.71 
2411.69 
2666.91 
2570.89 
2408.78 
2713.63 
2428.99 
2425.85 
2090.43 
1898.2 
1760.89 
1299.75 
908.96 
732.66 
447.81 
162.22 
-54.77 
-223.04 
-551.44 
-698.44 
-860.15 
-982.78 
-1248.81 
-1086.91 
-1056.46 
-1135.19 
-1199.38 
-1216.2 
-1085.52 
-1353.34 
-1396.63 
-1479.35 
-1457.44 
-1601.57 
-1543.99 
-1680.2 
-1655.31 
-1784.83 
-1601.63 
-1813.91 
-1667.62 
-1552.76 
-1651.4 
-1335.27 
-1429.94 
-1341.23 
-1139.19 
-806.05 
-919.21 
-770.02 
-968.78 
-790.33 
-670.11 
-454.68 
-450.22 
-218.55 
79.05 
-136.78 
68.22 
105.82 
280.87 
468.83 
492.0 
645.58 
595.24 
967.81 
1151.82 
1344.83 
1327.21 
1218.4 
1435.89 
1519.66 
1517.06 
1634.85 
1705.81 
1903.73 
1879.29 
2090.96 
2176.36 
2295.2 
2282.65 
1981.59 
1853.15 
1575.63 
1471.99 
1230.17 
1066.68 
763.82 
556.45 
92.32 
89.72 
-274.64 
-469.52 
-608.78 
-712.9 
-930.79 
-953.71 
-890.09 
-1023.03 
-918.43 
-957.46 
-983.13 
-1064.35 
-1176.52 
-1171.68 
-1273.05 
-1321.6 
-1409.51 
-1409.75 
-1347.98 
-1272.37 
-1443.62 
-1357.81 
-1422.46 
-1475.81 
-1381.95 
-1365.35 
-1133.05 
-1398.78 
-1332.0 
-1179.51 
-1118.51 
-877.48 
-1088.06 
-903.14 
-598.28 
-521.36 
-561.62 
-222.44 
-195.36 
-229.06 
-115.25 
164.37 
80.68 
299.6 
370.81 
367.09 
418.22 
798.72 
750.49 
881.54 
856.55 
993.59 
789.45 
1062.92 
1339.2 
1367.69 
1637.57 
1650.07 
1634.77 
1673.19 
1879.17 
1864.11 
2142.59 
2232.23 
2147.05 
2039.44 
2015.83 
1878.38 
1393.32 
1018.43 
665.03 
602.35 
396.68 
95.0 
-136.7 
-247.33 
-375.57 
-665.37 
-769.33 
-626.55 
-765.87 
-725.43 
-969.7 
-813.28 
-1039.82 
-1059.58 
-1005.1 
-1224.38 
-1138.79 
-1410.8 
-1298.86 
-1297.55 
-1432.08 
-1556.33 
-1590.28 
-1521.47 
-1343.17 
-1454.86 
-1417.45 
-1383.58 
-1217.56 
-1261.04 
-1324.04 
-1079.27 
-879.35 
-997.79 
-955.99 
-666.16 
-589.49 
-640.26 
-615.8 
-402.32 
-482.02 
-343.13 
-145.41 
56.61 
-1.06 
108.35 
199.84 
462.53 
245.86 
549.44 
704.04 
864.56 
757.38 
932.65 
1215.2 
1254.1 
1429.88 
1476.13 
1445.22 
1537.7 
1738.47 
1793.69 
1898.83 
2021.7 
2027.74 
2148.69 
2099.16 
1733.44 
1468.29 
1393.33 
843.61 
495.95 
449.51 
257.86 
-28.16 
-188.87 
-414.03 
-424.61 
-627.57 
-662.33 
-666.74 
-932.09 
-939.35 
-748.81 
-799.06 
-789.95 
-972.49 
-869.41 
-879.74 
-992.93 
-983.43 
-1188.57 
-1012.76 
-1052.11 
-1079.74 
-1320.7 
-1217.55 
-1145.04 
-1205.06 
-1252.78 
-1126.34 
-1031.54 
-975.91 
-983.52 
-811.69 
-750.61 
-859.91 
-755.7 
-687.17 
-532.08 
-476.66 
-560.99 
-309.04 
-295.57 
-180.41 
-97.44 
60.19 
82.64 
323.18 
442.0 
338.67 
719.67 
627.39 
650.58 
812.16 
751.2 
831.66 
1000.47 
1242.3 
1255.56 
1276.76 
1402.01 
1403.36 
1443.76 
1633.22 
1466.18 
1558.85 
1625.24 
1812.52 
1632.84 
1689.58 
1599.29 
1176.14 
1073.52 
913.59 
676.53 
391.54 
75.58 
-98.97 
-337.45 
-246.99 
-495.32 
-700.83 
-786.6 
-848.41 
-787.25 
-875.96 
-1077.41 
-880.75 
-1034.67 
-1072.21 
-1157.59 
-1121.0 
-1076.88 
-1262.24 
-1215.82 
-1149.94 
-1425.14 
-1415.48 
-1366.2 
-1336.09 
-1541.71 
-1311.7 
-1318.37 
-1024.82 
-1200.81 
-1134.22 
-1118.12 
-1030.97 
-1024.5 
-697.84 
-633.55 
-707.05 
-684.65 
-446.52 
-365.95 
-485.49 
-335.14 
-411.67 
-225.0 
225.66 
48.6 
110.37 
433.07 
443.34 
618.15 
435.19 
577.68 
611.48 
770.33 
968.69 
1073.61 
841.32 
1120.73 
1174.56 
1298.41 
1339.52 
1406.1 
1301.12 
1489.39 
1694.68 
1677.16 
1637.34 
1659.17 
1556.0 
1248.15 
1166.24 
1056.33 
685.76 
476.52 
201.66 
79.11 
-187.02 
-422.97 
-445.4 
-494.82 
-600.23 
-767.31 
-688.38 
-723.16 
-996.14 
-917.55 
-1031.26 
-890.55 
-975.44 
-857.06 
-875.81 
-845.97 
-899.44 
-1097.73 
-1283.03 
-1260.22 
-1480.4 
-1241.94 
-1251.72 
-1207.62 
-1225.15 
-1063.46 
-1133.09 
-1110.89 
-961.51 
-970.04 
-924.05 
-836.03 
-877.87 
-821.61 
-833.53 
-754.63 
-558.75 
-391.91 
-421.48 
-347.19 
-244.41 
-173.94 
-61.57 
217.32 
301.43 
406.24 
296.19 
410.61 
606.82 
651.64 
650.55 
873.73 
944.71 
1144.46 
1052.93 
1040.76 
1164.99 
1357.24 
1390.81 
1643.53 
1585.96 
1723.14 
1691.23 
1436.99 
1514.34 
1252.17 
911.61 
751.23 
540.32 
306.04 
-50.63 
-60.31 
-89.98 
-403.32 
-557.91 
-532.65 
-624.36 
-627.62 
-779.75 
-968.06 
-943.25 
-1015.17 
-1008.21 
-1102.14 
-977.21 
-942.33 
-1071.78 
-1267.33 
-1166.61 
-1249.98 
-1073.69 
-1353.78 
-1318.29 
-1152.83 
-1004.51 
-1127.34 
-1037.75 
-921.4 
-852.51 
-873.22 
-751.5 
-853.73 
-836.29 
-642.49 
-665.73 
-457.13 
-462.8 
-309.88 
-275.32 
-147.15 
-10.53 
66.25 
245.14 
331.58 
185.1 
478.24 
424.97 
493.54 
651.61 
610.62 
787.6 
910.87 
954.24 
1105.95 
1278.41 
1211.57 
1367.53 
1347.99 
1483.52 
1526.02 
1503.36 
1663.9 
1465.19 
1290.54 
1235.32 
999.13 
757.45 
548.42 
272.02 
222.83 
5.79999999999 
-236.71 
-382.88 
-451.71 
-508.71 
-698.75 
-740.13 
-631.11 
-923.81 
-1066.71 
-1218.04 
-1099.18 
-1103.18 
-836.9 
-843.7 
-1056.96 
-1114.35 
-1006.78 
-1051.96 
-1056.86 
-1240.85 
-1319.52 
-1209.99 
-1071.62 
-1155.71 
-1178.23 
-1297.92 
-1004.93 
-903.92 
-1026.37 
-704.67 
-1010.61 
-660.22 
-632.52 
-640.63 
-274.05 
-496.7 
-283.6 
-209.2 
-156.12 
-25.55 
252.15 
179.79 
266.93 
508.61 
511.14 
528.54 
676.42 
856.15 
751.87 
868.71 
943.53 
1127.57 
1189.11 
1216.92 
1299.55 
1417.07 
1572.25 
1527.89 
1609.48 
1269.36 
1406.39 
1248.6 
1001.24 
676.72 
652.01 
300.0 
274.4 
27.24 
-90.59 
-344.15 
-549.7 
-621.08 
-652.27 
-815.14 
-968.62 
-951.17 
-946.16 
-795.73 
-798.44 
-903.48 
-947.98 
-1075.38 
-872.54 
-996.28 
-1064.81 
-1101.0 
-1169.6 
-1215.69 
-1132.68 
-1076.98 
-1017.09 
-1064.76 
-995.38 
-935.1 
-754.69 
-839.4 
-728.56 
-693.78 
-541.23 
-646.15 
-497.57 
-479.08 
-454.59 
-174.41 
-235.99 
-19.76 
166.94 
206.23 
158.33 
318.0 
436.23 
609.93 
810.25 
832.13 
853.92 
957.02 
1015.53 
1030.32 
1087.22 
1188.58 
1271.62 
1235.69 
1313.03 
1458.74 
1409.99 
1494.5 
1406.39 
1082.81 
955.67 
784.68 
625.82 
307.81 
345.98 
171.44 
52.35 
-181.89 
-375.28 
-466.01 
-440.07 
-488.04 
-712.14 
-649.87 
-712.34 
-740.64 
-981.15 
-867.29 
-962.33 
-1103.15 
-899.93 
-1169.01 
-919.4 
-1160.11 
-1090.73 
-1008.08 
-1319.42 
-1161.48 
-1273.88 
-1102.24 
-1078.31 
-973.98 
-879.16 
-895.02 
-688.88 
-794.02 
-639.31 
-622.16 
-563.27 
-610.13 
-660.45 
-468.68 
-357.49 
-334.11 
-183.09 
-78.86 
65.89 
168.38 
148.19 
277.2 
474.1 
568.79 
545.55 
606.87 
677.55 
907.18 
948.24 
1016.43 
868.53 
936.81 
1187.53 
1134.39 
1332.09 
1328.37 
1351.49 
1301.42 
1211.26 
1278.84 
1131.72 
1021.23 
958.94 
745.06 
278.43 
244.86 
92.7 
-175.88 
-212.93 
-217.51 
-588.46 
-536.22 
-679.37 
-724.88 
-590.29 
-869.09 
-891.79 
-901.54 
-667.87 
-678.73 
-578.97 
-751.02 
-633.99 
-903.22 
-860.39 
-774.21 
-930.09 
-844.79 
-770.48 
-915.91 
-821.47 
-730.12 
-632.59 
-602.18 
-605.88 
-546.9 
-588.67 
-491.37 
-501.25 
-402.1 
-385.97 
-94.75 
-157.06 
41.28 
-110.82 
103.67 
196.26 
214.95 
237.94 
356.3 
633.8 
605.12 
696.11 
829.01 
896.69 
927.33 
852.4 
993.29 
1037.08 
1132.9 
1200.99 
1300.53 
1350.52 
1433.26 
1550.95 
1510.91 
1699.91 
1526.26 
1404.86 
1135.08 
1146.93 
1063.09 
804.96 
656.23 
289.78 
173.83 
62.39 
-185.04 
-319.04 
-257.37 
-528.49 
-478.76 
-626.71 
-678.86 
-926.7 
-948.07 
-1036.36 
-1239.63 
-1347.87 
-1521.76 
-1618.8 
-1438.19 
-1490.08 
-1644.13 
-1955.96 
-1933.72 
-2194.2 
-2363.13 
-2494.61 
-2463.39 
-2638.82 
-2687.49 
-2966.25 
-3260.09 
-3508.9 
-4166.96 
-4773.56 
-5300.27 
-5890.85 
-6744.34 
-7442.14 
-8369.74 
-9372.85 
-10140.88 
-11198.81 
-12181.38 
-13073.96 
-13971.79 
-15093.46 
-16091.62 
-17075.07 
-18189.96 
-19203.76 
-20311.31 
-21347.15 
-22560.24 
-23678.47 
-24811.94 
-25895.67 
-27068.34 
-28074.66 
-29446.04 
-30465.56 
-31816.29 
-33023.82 
-34640.71 
-36354.33 
-37936.01 
-39566.13 
-41044.17 
-42292.82 
-43455.95 
-44405.49 
-44937.84 
-45210.05 
-45444.27 
-45227.49 
-45178.26 
-44652.13 
-43693.21 
-42108.3 
-38138.56 
-32039.18 
-24598.21 
-16685.63 
-8766.82 
-890.93 
6086.86 
12184.5 
16785.33 
20918.27 
24570.88 
27523.9 
30018.75 
32238.15 
34344.19 
36017.26 
37499.02 
38914.75 
39869.35 
40537.84 
41072.6 
41335.79 
41478.93 
41420.84 
41320.63 
41249.1 
41065.23 
41083.62 
40988.21 
40920.0 
40499.37 
40300.03 
39773.61 
39417.72 
38536.39 
37928.03 
37243.74 
36707.23 
36078.93 
35519.34 
34744.5 
33986.79 
33252.46 
32299.66 
31516.69 
30536.01 
29744.28 
28640.66 
27228.58 
25884.76 
24353.57 
22515.58 
21219.25 
19990.81 
18662.95 
17399.84 
16419.28 
15516.54 
14317.17 
13346.52 
12490.06 
11625.09 
10818.96 
10197.34 
9590.86 
9185.81 
8414.11 
7991.46 
7153.45 
6544.75 
5633.58 
4914.95 
4060.94 
3301.19 
2618.13 
1660.22 
557.03 
-262.04 
-939.02 
-1460.98 
-1987.93 
-2405.89 
-2592.36 
-2521.78 
-2877.27 
-2730.15 
-2809.24 
-2865.97 
-2706.09 
-2906.46 
-2744.78 
-2886.94 
-2816.79 
-3107.34 
-2999.69 
-3101.03 
-3181.58 
-3221.29 
-3500.85 
-3499.35 
-3579.18 
-3587.35 
-3595.86 
-3613.83 
-3652.66 
-3927.8 
-4043.03 
-4106.27 
-4312.89 
-4351.07 
-4515.6 
-4727.33 
-4677.16 
-4782.04 
-4840.53 
-4935.42 
-4703.06 
-4713.39 
-4462.5 
-4340.69 
-4272.26 
-4308.62 
-4051.15 
-4061.04 
-3885.46 
-3858.19 
-3810.41 
-3788.7 
-3803.71 
-3913.3 
-3995.88 
-3828.04 
-3764.7 
-3934.83 
-3908.4 
-3642.98 
-3515.81 
-3276.95 
-3154.91 
-3002.23 
-2895.06 
-2797.49 
-2494.41 
-2224.77 
-1995.86 
-1765.34 
-1586.34 
-1381.84 
-1309.22 
-875.21 
-772.98 
-547.95 
-162.08 
-169.66 
59.22 
221.84 
347.18 
285.15 
157.63 
59.86 
-109.39 
-364.67 
-526.85 
-698.06 
-1023.01 
-1157.55 
-1505.27 
-1728.71 
-1975.7 
-2090.42 
-2091.63 
-2187.59 
-2422.65 
-2265.37 
-2474.77 
-2656.43 
-2745.4 
-2502.61 
-2653.9 
-2729.06 
-2671.88 
-2730.46 
-2576.9 
-2683.97 
-2677.22 
-2657.43 
-2664.73 
-2609.2 
-2592.05 
-2430.67 
-2409.1 
-2512.47 
-2017.24 
-2058.56 
-2038.61 
-1621.33 
-1389.7 
-1485.22 
-1151.92 
-922.37 
-725.91 
-262.32 
-263.93 
41.46 
296.86 
423.14 
821.78 
684.4 
879.31 
1165.04 
1381.17 
1532.89 
1558.73 
1399.18 
1269.4 
955.42 
818.91 
721.09 
498.46 
124.98 
-172.19 
-628.12 
-730.87 
-894.2 
-1199.09 
-1343.7 
-1565.24 
-1516.99 
-1611.79 
-1716.45 
-1880.05 
-1773.3 
-1689.73 
-1976.73 
-1691.13 
-1846.71 
-1832.97 
-1884.64 
-1911.38 
-1904.9 
-1824.56 
-1904.46 
-1963.21 
-2026.26 
-1932.68 
-1838.81 
-1834.84 
-1594.94 
-1530.26 
-1555.91 
-1330.84 
-1144.39 
-1206.63 
-1163.09 
-1061.16 
-866.44 
-566.74 
-573.82 
-302.32 
-350.44 
17.38 
-47.61 
139.07 
201.22 
505.62 
732.3 
718.47 
875.58 
814.36 
662.34 
323.98 
390.36 
190.71 
-322.51 
-484.72 
-904.31 
-1201.25 
-1383.31 
-1571.39 
-1574.63 
-1870.96 
-1928.45 
-2131.51 
-2107.71 
-2293.08 
-2208.68 
-2184.02 
-2128.24 
-1943.91 
-1879.16 
-2146.03 
-2075.71 
-2062.78 
-1981.71 
-1911.01 
-1921.85 
-1901.23 
-1794.47 
-2046.59 
-1804.91 
-1666.96 
-1550.98 
-1344.94 
-1398.1 
-1341.96 
-1032.42 
-1074.25 
-785.17 
-843.04 
-661.2 
-475.49 
-492.44 
-315.93 
-200.0 
-53.82 
194.69 
278.26 
231.1 
509.56 
589.1 
835.31 
493.71 
661.34 
407.15 
438.21 
122.26 
-99.6 
-567.42 
-670.36 
-993.6 
-1268.56 
-1439.33 
-1679.15 
-1892.96 
-1926.69 
-1853.82 
-2095.74 
-1943.03 
-2053.12 
-1920.27 
-1892.05 
-1967.48 
-2070.28 
-1830.53 
-2010.75 
-1986.04 
-1921.74 
-1722.25 
-1861.99 
-1845.67 
-1848.86 
-1890.5 
-1857.43 
-1663.32 
-1823.4 
-1615.63 
-1422.23 
-1457.1 
-1271.85 
-1123.42 
-1206.3 
-1029.98 
-799.38 
-873.13 
-707.11 
-388.09 
-424.05 
-218.97 
121.32 
119.29 
86.23 
159.52 
369.65 
462.65 
829.02 
831.48 
957.19 
1011.49 
1169.21 
1252.37 
1347.76 
1602.14 
1701.98 
1717.96 
1672.82 
1633.11 
1394.55 
1525.98 
1318.27 
1045.42 
644.3 
454.65 
416.83 
-3.48999999999 
-318.75 
-484.53 
-378.86 
-441.54 
-588.53 
-889.13 
-1100.07 
-1051.82 
-1147.48 
-1276.2 
-1196.01 
-1541.52 
-1243.36 
-1251.6 
-1408.97 
-1273.84 
-1480.61 
-1501.5 
-1457.89 
-1579.8 
-1493.47 
-1302.07 
-1473.27 
-1389.71 
-1324.32 
-1478.63 
-1200.55 
-1155.31 
-1000.24 
-909.38 
-795.91 
-736.47 
-610.96 
-606.9 
-435.08 
-456.35 
-303.15 
-285.65 
-296.52 
-249.34 
-74.93 
135.62 
245.62 
161.48 
419.66 
730.68 
656.95 
639.43 
924.45 
1098.39 
1100.03 
1206.22 
1129.31 
1087.2 
1334.26 
1610.03 
1808.88 
1773.46 
1730.71 
1850.07 
1675.24 
1535.45 
1579.11 
1278.03 
1130.37 
1085.32 
1032.82 
770.63 
467.44 
282.5 
-47.22 
43.9 
-152.01 
-118.09 
-92.84 
-220.14 
-259.82 
-457.48 
-509.13 
-656.97 
-561.12 
-636.57 
-731.43 
-811.51 
-795.42 
-703.05 
-776.91 
-916.52 
-949.76 
-981.03 
-858.89 
-657.74 
-791.71 
-895.95 
-993.8 
-790.3 
-705.19 
-641.3 
-763.8 
-441.46 
-596.01 
-431.18 
-383.31 
-241.42 
-41.4 
-222.93 
27.26 
-52.93 
-19.76 
111.19 
29.83 
179.36 
-14.4 
270.61 
284.05 
392.52 
681.95 
589.17 
827.5 
797.34 
912.78 
813.76 
963.18 
1016.45 
1138.63 
1320.48 
1493.31 
1534.54 
1501.41 
1415.27 
1446.85 
1434.92 
1267.63 
1039.49 
863.19 
744.32 
554.12 
515.85 
381.9 
161.05 
107.02 
4.57000000001 
-78.03 
-122.03 
-220.15 
-293.62 
-461.87 
-347.41 
-150.03 
-292.8 
-522.54 
-412.69 
-477.85 
-317.28 
-496.88 
-569.33 
-508.86 
-547.3 
-638.8 
-657.7 
-487.4 
-264.41 
-358.69 
-471.57 
-486.64 
-488.56 
-480.6 
-207.52 
-317.68 
-413.82 
-446.08 
-147.68 
-281.33 
-185.57 
24.67 
52.2 
132.42 
229.04 
138.73 
277.17 
279.8 
495.67 
339.18 
723.51 
741.7 
705.31 
577.3 
838.1 
825.37 
840.12 
927.06 
861.41 
983.35 
702.54 
952.14 
940.8 
558.02 
531.63 
526.28 
348.86 
234.32 
94.79 
-135.61 
-81.35 
-99.39 
-183.62 
-457.57 
-348.81 
-394.4 
-403.03 
-673.21 
-611.87 
-551.5 
-454.97 
-663.17 
-645.65 
-570.18 
-540.58 
-596.22 
-805.3 
-647.63 
-628.94 
-702.68 
-579.25 
-464.28 
-626.35 
-367.22 
-505.72 
-482.97 
-458.22 
-416.02 
-259.15 
-171.7 
-251.07 
-26.6 
-242.53 
-74.25 
80.68 
143.23 
248.23 
498.93 
382.0 
615.39 
576.86 
713.52 
730.77 
665.08 
910.2 
948.71 
954.03 
954.19 
1079.71 
972.22 
1180.19 
1336.89 
1351.0 
1453.63 
1554.85 
1476.05 
1317.69 
1340.08 
960.21 
849.56 
812.69 
526.52 
425.69 
416.28 
206.77 
136.86 
156.83 
-92.77 
-164.8 
-329.01 
-603.54 
-605.6 
-615.41 
-593.33 
-640.27 
-750.82 
-878.22 
-862.81 
-823.35 
-912.28 
-920.6 
-769.16 
-826.43 
-1118.96 
-914.07 
-962.09 
-1003.0 
-835.34 
-808.86 
-971.84 
-841.64 
-823.11 
-510.21 
-642.13 
-676.45 
-727.87 
-853.35 
-667.57 
-566.59 
-401.44 
-382.24 
-299.42 
-87.87 
28.0 
-10.98 
250.39 
318.43 
321.49 
407.74 
427.88 
589.73 
684.26 
691.62 
806.49 
704.22 
883.07 
1154.57 
1177.8 
1333.21 
1304.83 
1493.01 
1688.8 
1540.72 
1604.4 
1427.15 
1534.5 
1577.14 
1407.81 
1299.23 
1018.27 
855.11 
740.05 
339.92 
256.25 
185.71 
-77.82 
-46.46 
-197.76 
-285.67 
-488.08 
-382.34 
-301.88 
-424.46 
-365.16 
-425.55 
-698.07 
-636.6 
-773.84 
-877.21 
-698.16 
-855.62 
-973.24 
-986.54 
-989.66 
-809.37 
-941.85 
-783.6 
-859.71 
-903.89 
-759.89 
-837.46 
-879.56 
-799.93 
-662.97 
-752.38 
-856.05 
-574.38 
-599.05 
-449.81 
-424.9 
-414.34 
-280.86 
-215.59 
50.42 
-7.81 
-1.27000000002 
218.37 
108.73 
333.16 
407.94 
326.84 
620.76 
546.43 
765.02 
788.95 
870.29 
1107.82 
1047.13 
1228.65 
1254.32 
1409.77 
1434.18 
1361.04 
1496.86 
1575.1 
1522.68 
1359.27 
1250.82 
1199.37 
1200.65 
926.31 
461.13 
432.65 
385.87 
199.7 
166.39 
47.56 
-162.24 
-214.94 
-459.19 
-262.54 
-360.72 
-503.81 
-365.82 
-554.6 
-520.95 
-626.72 
-699.62 
-712.77 
-803.26 
-800.44 
-773.27 
-880.81 
-775.47 
-707.0 
-888.97 
-796.35 
-844.31 
-862.0 
-827.17 
-861.34 
-620.29 
-676.71 
-560.76 
-631.22 
-573.01 
-379.98 
-305.89 
-167.2 
-102.63 
-244.69 
-160.54 
-28.3 
135.11 
-9.85999999999 
165.97 
181.1 
290.12 
456.92 
440.19 
604.88 
849.8 
788.82 
943.7 
956.42 
890.49 
1056.63 
977.2 
1289.47 
1341.7 
1339.32 
1280.96 
1143.75 
1244.92 
1099.66 
923.46 
801.17 
580.2 
437.92 
203.92 
50.25 
-176.77 
-434.78 
-520.26 
-469.93 
-558.55 
-720.73 
-798.14 
-666.03 
-831.54 
-1070.11 
-1162.81 
-1100.38 
-1164.95 
-1328.67 
-1048.62 
-1231.56 
-1060.58 
-1073.35 
-1187.1 
-1052.33 
-1238.87 
-1230.93 
-1155.33 
-953.83 
-1034.24 
-880.39 
-961.99 
-1051.06 
-780.37 
-768.47 
-730.32 
-624.72 
-736.2 
-635.58 
-555.79 
-397.59 
-254.01 
-80.74 
65.7 
289.58 
202.58 
348.29 
553.8 
481.91 
644.51 
625.02 
895.32 
963.86 
943.47 
980.48 
1202.04 
1428.92 
1235.05 
1575.93 
1429.26 
1623.48 
1595.4 
1610.71 
1422.49 
1266.66 
1056.08 
1057.05 
945.47 
653.57 
461.69 
118.36 
116.21 
4.42999999999 
-33.82 
-299.05 
-317.29 
-409.55 
-396.05 
-609.68 
-518.45 
-517.35 
-717.46 
-581.83 
-673.59 
-679.99 
-823.56 
-913.2 
-902.43 
-940.73 
-974.91 
-1171.2 
-1141.41 
-1259.35 
-1260.76 
-878.7 
-1009.94 
-1129.4 
-888.49 
-778.42 
-839.61 
-733.01 
-870.34 
-606.49 
-665.41 
-558.2 
-302.01 
-264.03 
-197.64 
-169.62 
-219.61 
-26.53 
88.38 
204.02 
432.16 
496.25 
472.46 
708.62 
594.87 
744.6 
781.15 
887.09 
1019.07 
1050.5 
1128.99 
1257.69 
1261.21 
1480.05 
1453.87 
1652.12 
1565.33 
1720.46 
1545.2 
1270.81 
982.36 
985.01 
800.91 
734.7 
495.61 
146.54 
-1.90999999997 
108.09 
-322.24 
-345.21 
-494.43 
-490.36 
-598.88 
-435.65 
-694.62 
-886.22 
-843.97 
-810.83 
-794.59 
-883.27 
-944.29 
-831.19 
-1008.43 
-1033.34 
-1096.56 
-959.24 
-815.68 
-1106.09 
-1003.46 
-1129.54 
-1003.95 
-855.91 
-942.38 
-830.5 
-764.43 
-815.33 
-717.81 
-638.05 
-555.66 
-543.69 
-471.22 
-285.04 
-200.06 
-253.46 
-41.54 
-12.01 
129.63 
212.61 
270.66 
356.19 
593.17 
793.25 
491.29 
816.09 
1049.57 
1169.99 
1304.18 
1449.07 
1251.1 
1257.62 
1326.17 
1462.96 
1448.76 
1638.84 
1735.7 
1645.42 
1578.09 
1457.28 
1195.76 
1173.55 
1080.66 
796.03 
595.33 
436.37 
417.78 
189.65 
1.83000000002 
-38.35 
-292.82 
-281.53 
-438.3 
-460.17 
-549.91 
-763.14 
-708.67 
-826.16 
-935.39 
-809.97 
-748.05 
-874.43 
-772.53 
-823.07 
-774.69 
-778.48 
-656.33 
-755.56 
-857.65 
-888.7 
-991.03 
-885.85 
-958.36 
-821.8 
-749.46 
-753.91 
-652.49 
-637.16 
-411.8 
-269.4 
-298.16 
-378.54 
-404.26 
-151.63 
60.46 
-4.04999999999 
206.74 
177.78 
221.11 
277.74 
512.52 
536.55 
892.11 
951.94 
834.13 
900.14 
1114.88 
1345.21 
1243.24 
1596.84 
1534.59 
1520.6 
1659.64 
1494.21 
1452.71 
1489.44 
1340.21 
1153.77 
1074.33 
987.6 
684.95 
552.25 
49.58 
25.88 
-94.0 
-164.18 
-239.9 
-549.41 
-640.6 
-559.61 
-685.16 
-864.47 
-764.39 
-672.69 
-923.1 
-709.06 
-988.33 
-989.72 
-972.47 
-915.37 
-853.92 
-908.76 
-970.34 
-973.6 
-1016.24 
-1038.5 
-1250.3 
-1044.42 
-1014.3 
-1022.55 
-881.44 
-925.55 
-710.32 
-687.51 
-727.04 
-615.97 
-647.07 
-493.09 
-380.75 
-180.98 
-195.52 
77.29 
32.47 
386.0 
437.89 
487.17 
627.23 
571.7 
850.93 
924.26 
1145.03 
1160.82 
1211.21 
1415.64 
1626.86 
1706.69 
1935.15 
1926.39 
1925.77 
1962.61 
2052.77 
2131.81 
2304.25 
2257.3 
2190.69 
2020.85 
2137.05 
1883.69 
1519.18 
1517.65 
1108.6 
893.89 
825.22 
701.22 
558.51 
330.01 
50.93 
-128.76 
-172.58 
-176.5 
-144.23 
-471.58 
-595.23 
-617.08 
-706.57 
-935.27 
-1035.91 
-1248.86 
-1395.65 
-1509.82 
-1599.25 
-1540.53 
-1721.53 
-1808.22 
-1966.18 
-1785.82 
-1850.52 
-1887.07 
-1752.7 
-1752.61 
-1529.98 
-1793.41 
-1970.24 
-1742.69 
-1691.32 
-1488.41 
-1305.86 
-1590.28 
-1287.72 
-1397.82 
-1270.57 
-1043.52 
-861.25 
-854.5 
-737.53 
-483.64 
-467.59 
-513.6 
-160.85 
-128.0 
121.56 
277.14 
458.59 
532.86 
570.67 
702.31 
642.15 
845.05 
966.72 
1018.56 
799.86 
1061.05 
966.6 
817.57 
861.13 
728.42 
585.05 
474.05 
467.66 
136.11 
43.56 
-77.65 
-117.43 
-306.54 
-155.37 
-370.91 
-312.76 
-224.51 
-380.1 
-118.65 
-47.91 
-41.33 
-180.66 
-7.32000000001 
-93.06 
-18.2 
-28.9 
-68.24 
-137.49 
-62.96 
-384.73 
-56.84 
-257.15 
-49.03 
-230.24 
-135.4 
-129.1 
27.75 
36.08 
56.09 
33.45 
125.52 
370.35 
392.28 
468.99 
623.93 
544.99 
494.92 
640.77 
699.98 
854.02 
693.72 
736.88 
862.56 
801.29 
842.4 
1004.82 
1127.35 
988.43 
964.73 
1122.76 
1019.04 
1047.67 
909.52 
791.83 
675.61 
368.19 
282.03 
81.92 
-84.42 
-79.09 
-284.53 
-462.23 
-663.8 
-706.88 
-785.72 
-774.09 
-903.23 
-1013.14 
-928.05 
-897.09 
-784.03 
-772.17 
-963.51 
-876.02 
-993.17 
-953.1 
-766.81 
-1094.74 
-708.01 
-837.66 
-660.95 
-691.26 
-791.16 
-770.0 
-740.3 
-671.99 
-444.03 
-442.41 
-453.6 
-215.57 
-176.73 
-299.37 
-26.04 
-89.51 
-24.69 
151.05 
319.59 
429.86 
562.41 
582.87 
569.12 
644.8 
749.21 
789.51 
932.56 
1098.95 
1111.09 
1303.99 
1418.02 
1382.31 
1528.25 
1587.02 
1519.44 
1512.38 
1340.99 
1203.76 
1038.0 
965.42 
642.99 
306.09 
245.39 
56.55 
-131.16 
-364.87 
-408.92 
-646.98 
-789.78 
-563.6 
-830.68 
-1008.41 
-737.63 
-753.06 
-858.04 
-956.67 
-983.8 
-1050.0 
-881.69 
-968.5 
-1144.92 
-984.74 
-1004.6 
-1165.98 
-1269.82 
-1064.72 
-920.59 
-941.2 
-892.22 
-854.03 
-861.74 
-871.2 
-605.85 
-538.96 
-352.98 
-628.95 
-562.09 
-524.23 
-263.08 
-154.06 
-119.36 
47.19 
183.68 
368.33 
343.33 
456.24 
585.52 
469.62 
539.24 
728.09 
570.23 
882.46 
908.25 
1202.13 
1202.14 
1308.22 
1373.28 
1367.76 
1230.9 
1099.28 
1225.23 
1112.96 
874.63 
765.54 
492.62 
424.21 
418.87 
-109.83 
-115.69 
-295.85 
-513.66 
-422.69 
-683.76 
-710.73 
-585.78 
-810.32 
-823.22 
-656.55 
-858.73 
-905.95 
-843.0 
-848.64 
-762.41 
-833.36 
-868.61 
-1042.0 
-931.14 
-1026.22 
-1027.44 
-1021.39 
-1007.5 
-1052.23 
-1032.83 
-915.78 
-675.38 
-717.9 
-670.16 
-654.12 
-639.76 
-335.34 
-153.63 
-237.93 
-296.28 
-88.21 
37.47 
125.48 
62.89 
184.62 
242.43 
333.96 
412.02 
561.23 
828.23 
1008.67 
967.06 
969.14 
1184.88 
1140.24 
1232.61 
1304.09 
1337.88 
1586.58 
1541.51 
1567.28 
1593.94 
1414.89 
1478.46 
1216.63 
946.14 
839.39 
860.28 
733.83 
486.64 
254.77 
322.08 
-11.24 
212.75 
-69.4 
-272.73 
-284.61 
-125.29 
-310.71 
-274.38 
-360.65 
-525.91 
-265.87 
-393.24 
-464.38 
-519.68 
-776.33 
-741.05 
-425.98 
-340.72 
-806.17 
-532.93 
-756.81 
-709.88 
-609.09 
-800.3 
-765.59 
-633.95 
-601.64 
-457.34 
-731.48 
-438.98 
-439.46 
-270.99 
-161.23 
-239.49 
-9.88 
22.34 
34.21 
135.58 
65.52 
309.5 
370.45 
639.87 
614.54 
575.99 
695.7 
720.65 
816.48 
896.74 
1126.51 
967.24 
1075.88 
907.89 
940.77 
897.51 
780.66 
863.71 
442.7 
414.48 
222.2 
221.79 
106.37 
22.6 
-258.85 
-321.63 
-522.51 
-438.07 
-656.67 
-755.99 
-627.6 
-610.09 
-615.66 
-781.15 
-674.87 
-619.24 
-830.95 
-723.9 
-573.96 
-657.94 
-728.03 
-659.88 
-730.36 
-617.23 
-527.54 
-682.84 
-431.65 
-414.86 
-264.57 
-214.65 
-135.88 
149.75 
183.41 
282.97 
310.16 
475.47 
607.08 
804.32 
797.34 
864.06 
999.17 
1044.13 
1342.1 
1549.02 
1746.62 
1772.5 
1937.2 
1966.78 
2169.2 
2269.98 
2251.01 
2337.69 
2280.78 
2466.56 
2369.46 
2260.39 
2205.08 
2169.26 
2183.06 
2219.75 
1962.09 
1763.49 
1650.51 
1537.24 
1216.74 
971.94 
543.93 
290.69 
-79.65 
-415.22 
-710.89 
-955.01 
-1315.83 
-1606.29 
-1600.69 
-1928.69 
-2061.89 
-2178.86 
-2331.48 
-2412.75 
-2464.31 
-2515.18 
-2329.63 
-2406.42 
-2123.19 
-2068.3 
-1979.75 
-1796.9 
-1831.15 
-1548.18 
-1556.16 
-1764.06 
-1495.28 
-1468.12 
-1699.53 
-1354.68 
-1285.54 
-1307.04 
-1185.59 
-754.86 
-824.7 
-678.05 
-469.67 
-177.46 
-168.19 
84.11 
323.68 
235.95 
417.34 
639.11 
748.08 
891.13 
1093.15 
1228.02 
1537.11 
1579.17 
2052.25 
2123.57 
1942.67 
2208.29 
2111.98 
2271.59 
2478.55 
2488.43 
2432.13 
2188.29 
2197.35 
2353.51 
1939.78 
1785.28 
1458.01 
1261.95 
1184.29 
834.97 
744.47 
395.7 
249.33 
105.57 
-73.45 
-363.94 
-484.76 
-859.06 
-854.27 
-842.7 
-920.3 
-1180.32 
-1502.97 
-1617.41 
-1696.42 
-1985.81 
-2093.28 
-2321.09 
-2302.02 
-2461.36 
-2395.55 
-2464.42 
-2418.22 
-2491.62 
-2543.8 
-2650.54 
-2837.28 
-2654.19 
-2569.85 
-2420.75 
-2452.36 
-2410.32 
-2572.01 
-2402.58 
-2525.21 
-2273.45 
-1862.42 
-1844.85 
-1497.82 
-1366.33 
-1203.72 
-720.13 
-564.58 
-495.01 
-370.59 
-285.21 
-70.98 
118.78 
543.98 
558.03 
734.8 
813.54 
1095.93 
1256.61 
1216.96 
1177.43 
1157.51 
1178.55 
1199.91 
974.48 
1115.71 
1152.05 
1025.6 
1181.73 
1062.58 
1023.03 
1104.37 
1178.49 
1342.35 
1336.82 
1325.48 
1285.29 
1501.96 
1309.64 
1265.99 
1405.86 
1348.04 
1083.36 
1134.22 
1266.45 
1341.14 
1088.49 
1086.55 
1104.16 
1032.41 
1119.93 
1128.37 
1012.01 
1046.58 
1029.13 
963.92 
916.36 
827.92 
908.18 
1009.13 
985.97 
923.53 
1005.91 
969.51 
880.52 
1027.02 
1146.86 
1105.85 
1136.05 
1186.31 
1074.23 
994.08 
1023.69 
845.97 
727.17 
670.75 
530.11 
285.85 
33.06 
-265.2 
-405.27 
-355.36 
-717.98 
-817.67 
-651.04 
-657.34 
-866.97 
-676.69 
-865.65 
-821.26 
-810.98 
-961.22 
-1084.14 
-893.6 
-849.1 
-702.48 
-788.88 
-966.94 
-1126.66 
-1040.14 
-1143.67 
-1115.1 
-1151.0 
-1168.86 
-1029.39 
-999.04 
-896.9 
-880.97 
-751.25 
-886.27 
-738.69 
-673.59 
-571.2 
-449.92 
-448.61 
-268.77 
-167.07 
-261.87 
-61.25 
179.08 
192.78 
341.84 
439.13 
617.25 
596.71 
398.74 
633.51 
693.95 
430.19 
419.51 
305.04 
261.9 
68.65 
22.34 
28.05 
-125.55 
-332.79 
-670.2 
-572.58 
-683.7 
-768.07 
-632.38 
-718.75 
-543.16 
-599.95 
-501.36 
-563.56 
-577.3 
-663.04 
-613.29 
-716.67 
-746.65 
-457.03 
-446.71 
-549.45 
-389.78 
-213.62 
-281.21 
-327.25 
-187.81 
32.3 
34.11 
121.57 
174.57 
222.49 
471.65 
429.82 
237.64 
379.51 
577.78 
721.37 
806.83 
643.97 
821.86 
938.72 
1100.78 
1279.67 
1145.76 
1276.38 
1141.19 
1150.97 
989.78 
810.95 
879.83 
644.98 
570.26 
340.54 
286.49 
220.99 
45.47 
-97.79 
-192.73 
-357.17 
-373.03 
-408.27 
-425.4 
-498.31 
-614.82 
-761.0 
-798.03 
-878.08 
-848.83 
-892.8 
-736.51 
-771.95 
-825.78 
-880.29 
-1046.99 
-793.39 
-925.71 
-575.99 
-799.91 
-674.44 
-668.38 
-612.28 
-452.43 
-630.02 
-348.1 
-409.0 
-619.72 
-307.98 
-239.39 
-26.18 
-58.72 
91.6 
105.01 
117.64 
224.8 
242.47 
438.86 
724.88 
551.8 
789.16 
816.33 
812.37 
956.07 
976.67 
978.11 
766.86 
821.3 
789.89 
556.71 
493.98 
487.19 
295.2 
148.25 
20.08 
-153.66 
-482.67 
-363.08 
-428.34 
-669.17 
-637.39 
-487.35 
-578.86 
-579.83 
-611.04 
-636.98 
-620.82 
-710.97 
-652.02 
-707.18 
-598.95 
-668.43 
-714.21 
-836.97 
-642.37 
-671.38 
-658.71 
-721.29 
-583.88 
-676.03 
-577.66 
-497.59 
-504.88 
-476.31 
-160.92 
-256.74 
-107.86 
-12.81 
-97.12 
0.859999999986 
140.96 
129.81 
135.27 
276.58 
171.98 
399.75 
281.41 
599.46 
744.11 
714.16 
758.24 
963.29 
822.96 
923.52 
998.79 
1098.88 
1378.47 
1207.3 
1266.36 
1216.79 
1323.44 
1107.71 
994.52 
639.85 
631.65 
426.42 
380.68 
206.84 
34.14 
-264.03 
-302.96 
-401.7 
-584.8 
-799.93 
-660.84 
-785.81 
-757.28 
-803.37 
-773.58 
-993.06 
-887.16 
-816.59 
-882.66 
-783.79 
-980.55 
-968.79 
-992.0 
-881.36 
-942.14 
-946.36 
-1001.76 
-847.36 
-849.33 
-727.15 
-850.63 
-846.59 
-599.56 
-607.67 
-476.77 
-306.24 
-158.53 
-117.44 
-85.09 
7.34999999998 
10.33 
102.62 
66.93 
187.27 
206.54 
365.92 
555.62 
574.52 
647.86 
714.08 
692.61 
923.95 
1154.28 
1051.57 
1156.23 
1068.51 
1145.28 
1197.23 
1238.56 
1271.88 
1145.1 
943.26 
888.47 
707.39 
644.36 
484.64 
380.44 
88.08 
152.57 
-194.37 
-267.24 
-505.59 
-585.13 
-692.93 
-777.96 
-610.17 
-795.6 
-817.91 
-673.94 
-911.74 
-810.76 
-924.42 
-1170.25 
-887.14 
-938.36 
-1015.96 
-1032.26 
-968.65 
-934.05 
-999.88 
-1064.64 
-875.54 
-804.93 
-873.48 
-727.23 
-609.54 
-618.53 
-569.3 
-463.23 
-340.52 
-217.53 
-212.0 
-239.41 
-131.7 
-49.39 
21.15 
82.16 
61.43 
297.61 
314.28 
383.27 
573.14 
845.33 
708.99 
719.94 
856.64 
982.42 
970.61 
1143.23 
1133.32 
1075.26 
1390.64 
1474.12 
1484.44 
1416.34 
1308.08 
1215.42 
1313.02 
1158.7 
976.65 
684.99 
577.53 
495.2 
282.35 
214.56 
15.76 
-368.47 
-266.36 
-433.18 
-488.31 
-414.82 
-420.65 
-383.09 
-588.26 
-658.04 
-670.9 
-841.04 
-842.24 
-767.08 
-1059.61 
-855.3 
-848.1 
-844.44 
-819.84 
-745.64 
-883.26 
-633.09 
-668.88 
-873.25 
-860.56 
-863.33 
-686.0 
-773.05 
-761.08 
-579.16 
-329.75 
-450.14 
-359.87 
-415.21 
-316.42 
-104.67 
-23.85 
148.26 
121.38 
190.73 
435.89 
360.47 
464.43 
515.33 
571.58 
579.73 
877.47 
804.61 
998.31 
1061.08 
1136.59 
991.37 
1142.56 
1204.46 
1270.74 
1430.15 
1273.15 
1409.32 
1395.23 
1138.34 
1168.58 
848.16 
938.17 
890.64 
406.13 
413.16 
248.48 
1.22999999998 
-179.85 
-345.53 
-182.15 
-456.6 
-446.53 
-647.48 
-520.95 
-498.54 
-405.88 
-664.17 
-726.71 
-493.0 
-800.32 
-755.86 
-1023.46 
-974.15 
-891.55 
-863.65 
-877.67 
-989.56 
-992.99 
-932.38 
-967.66 
-881.25 
-760.84 
-929.31 
-783.57 
-912.2 
-738.5 
-650.41 
-642.25 
-554.92 
-549.44 
-341.79 
-280.46 
-351.81 
-285.78 
-135.47 
-119.62 
-22.09 
-10.11 
345.54 
429.55 
547.13 
524.34 
721.29 
496.31 
683.63 
659.53 
752.93 
1039.85 
903.38 
1039.96 
1031.25 
1286.68 
1323.22 
1328.75 
1285.42 
1140.12 
1260.47 
1123.47 
1083.15 
832.96 
789.12 
558.32 
438.94 
471.07 
239.75 
-27.15 
-39.41 
-114.68 
-500.65 
-467.87 
-487.08 
-738.01 
-548.36 
-698.84 
-761.85 
-642.25 
-754.93 
-805.7 
-883.38 
-847.9 
-878.19 
-968.66 
-949.71 
-915.13 
-810.86 
-833.45 
-940.51 
-1016.64 
-902.31 
-911.64 
-874.74 
-633.72 
-564.36 
-652.21 
-677.21 
-463.78 
-435.62 
-147.52 
-82.59 
43.3 
-106.32 
27.69 
271.13 
231.91 
498.3 
574.0 
495.8 
713.0 
879.19 
980.67 
1057.97 
1087.02 
1219.91 
1277.63 
1393.49 
1440.55 
1751.29 
1737.65 
1840.11 
1913.69 
2082.54 
1955.58 
2104.6 
2011.77 
2128.09 
1935.17 
1634.34 
1636.33 
1610.29 
1192.49 
1218.21 
739.52 
604.8 
502.29 
339.52 
405.51 
214.13 
180.61 
-98.6 
-230.69 
-318.38 
-263.33 
-227.66 
-318.3 
-346.52 
-315.0 
-378.56 
-332.23 
-412.34 
-469.36 
-283.66 
-512.05 
-646.64 
-431.41 
-539.33 
-622.62 
-471.53 
-435.24 
-426.84 
-380.59 
-415.7 
-447.25 
-62.0 
46.22 
-14.75 
-156.97 
-41.15 
273.62 
273.9 
177.56 
339.53 
492.7 
565.36 
602.91 
662.98 
1075.84 
977.51 
819.5 
1006.02 
1074.7 
1063.05 
1051.26 
1012.58 
1036.29 
920.64 
985.18 
1043.91 
1081.96 
827.76 
816.01 
710.25 
514.74 
543.29 
38.76 
-134.26 
-391.58 
-631.82 
-881.73 
-909.68 
-1045.63 
-1276.91 
-1410.19 
-1546.62 
-1372.63 
-1466.82 
-1330.16 
-1431.08 
-1523.13 
-1537.43 
-1594.73 
-1465.08 
-1607.94 
-1660.26 
-1662.85 
-1700.0 
-1333.61 
-1592.17 
-1430.16 
-1234.06 
-1256.47 
-1174.86 
-1115.62 
-1116.59 
-1023.6 
-947.17 
-880.53 
-868.83 
-676.02 
-478.76 
-519.89 
-438.51 
-183.78 
-314.12 
160.81 
318.36 
299.8 
512.38 
641.89 
357.1 
658.39 
976.66 
854.06 
1019.21 
997.13 
1209.37 
1338.98 
1340.61 
1283.25 
1786.65 
1543.5 
1505.84 
1766.33 
1759.73 
1655.62 
1729.34 
1765.25 
1391.76 
1212.81 
1076.5 
979.41 
844.99 
509.27 
368.55 
274.63 
100.28 
-307.58 
-301.32 
-255.96 
-361.2 
-513.48 
-567.89 
-547.16 
-621.88 
-678.64 
-785.73 
-622.77 
-774.19 
-716.11 
-822.42 
-632.55 
-1003.73 
-932.3 
-913.23 
-767.87 
-680.01 
-731.43 
-769.23 
-799.79 
-759.14 
-667.1 
-677.5 
-632.07 
-468.4 
-489.91 
-385.54 
-324.76 
-245.32 
-149.45 
-2.04999999999 
45.43 
25.78 
26.57 
272.71 
295.2 
409.71 
516.53 
692.52 
757.26 
939.86 
932.38 
1107.2 
1075.38 
1347.53 
1384.26 
1293.16 
1139.57 
1056.46 
962.59 
945.63 
716.73 
664.46 
642.36 
320.9 
118.27 
-137.99 
-62.06 
-129.35 
-526.68 
-570.0 
-631.42 
-631.16 
-566.9 
-648.3 
-542.39 
-672.45 
-666.67 
-592.53 
-498.68 
-736.87 
-702.8 
-776.73 
-730.55 
-752.04 
-665.86 
-793.59 
-623.41 
-655.72 
-654.33 
-744.36 
-556.77 
-619.22 
-474.25 
-294.29 
-272.37 
-204.79 
-58.69 
119.35 
-14.57 
-11.81 
-1.32000000001 
265.09 
369.27 
605.28 
534.8 
651.94 
733.92 
847.62 
835.9 
953.67 
864.21 
1315.27 
1091.65 
1350.0 
1165.52 
1042.56 
1024.58 
873.06 
526.97 
416.4 
219.33 
127.09 
-155.13 
-388.56 
-467.44 
-388.55 
-505.96 
-641.75 
-795.99 
-806.96 
-841.69 
-990.49 
-1007.16 
-837.06 
-894.27 
-1102.46 
-1017.52 
-930.28 
-815.53 
-851.68 
-827.28 
-708.34 
-828.0 
-899.21 
-760.26 
-714.33 
-617.72 
-660.24 
-471.15 
-769.72 
-677.02 
-484.81 
-199.66 
-173.89 
-289.12 
43.78 
31.06 
-92.56 
85.2 
206.32 
145.6 
281.85 
591.2 
674.22 
846.98 
917.24 
1166.72 
973.75 
1139.35 
1353.76 
1512.7 
1309.88 
1394.54 
1350.94 
1466.28 
1548.89 
1275.54 
1276.56 
1120.63 
1030.77 
842.38 
522.75 
456.31 
226.35 
-127.29 
-305.24 
-409.15 
-436.15 
-589.86 
-776.14 
-988.65 
-935.6 
-977.98 
-1055.41 
-1075.48 
-1115.92 
-1096.92 
-1117.27 
-1223.12 
-1179.56 
-1358.92 
-1322.29 
-1312.32 
-1302.89 
-1216.06 
-1367.84 
-1318.57 
-1464.84 
-1036.33 
-1254.62 
-1359.0 
-1235.55 
-1040.35 
-1065.03 
-1103.99 
-750.28 
-722.53 
-628.35 
-655.97 
-314.47 
-427.22 
-256.26 
-206.93 
-29.76 
68.92 
147.55 
100.79 
360.66 
598.62 
735.99 
919.08 
941.37 
1259.59 
1278.01 
1125.75 
1280.93 
1337.74 
1554.41 
1284.65 
1527.13 
1347.63 
1355.91 
989.52 
826.55 
643.22 
586.51 
360.66 
111.08 
-198.91 
-361.55 
-521.07 
-717.09 
-731.94 
-699.28 
-905.11 
-1022.25 
-1026.9 
-1071.06 
-1055.34 
-1054.05 
-1027.99 
-1094.6 
-1023.4 
-1027.94 
-840.86 
-690.46 
-492.38 
-515.86 
-371.22 
-240.03 
-155.3 
0.270000000019 
198.48 
205.66 
440.21 
387.54 
590.1 
739.19 
824.21 
1170.69 
1293.94 
1637.79 
1933.2 
2378.89 
2508.38 
3011.59 
3388.38 
3688.25 
4013.8 
4438.13 
4780.06 
5142.27 
5712.44 
6130.62 
6418.37 
6567.2 
6843.36 
7154.24 
7308.92 
7538.83 
7716.52 
7949.97 
8225.2 
8307.6 
8358.61 
8496.72 
8637.99 
8654.41 
8684.49 
8752.11 
8883.26 
9001.48 
9049.76 
9544.0 
9860.73 
10440.23 
11223.07 
11911.68 
12642.04 
13449.38 
14078.62 
14815.23 
15307.75 
15194.29 
14868.29 
14186.31 
12948.67 
11682.44 
10237.1 
8755.28 
7233.68 
5449.94 
4090.19 
2572.93 
1195.49 
43.18 
-1057.11 
-2055.7 
-3042.54 
-3888.15 
-4609.47 
-5296.75 
-5753.58 
-6350.01 
-6708.81 
-7060.55 
-7521.0 
-7813.3 
-8208.8 
-8413.22 
-8811.51 
-8948.86 
-9347.38 
-9544.91 
-9737.04 
-9852.19 
-10160.09 
-10265.3 
-10206.49 
-10274.9 
-10276.63 
-10275.65 
-10034.91 
-10234.56 
-10071.29 
-9802.48 
-9832.59 
-9776.91 
-9775.8 
-9776.65 
-9571.71 
-9546.42 
-9290.36 
-9373.3 
-9402.67 
-9071.41 
-8418.59 
-7302.93 
-6154.45 
-4859.85 
-3695.36 
-2566.36 
-1283.22 
-424.52 
-257.78 
746.44 
1210.36 
752.64 
134.38 
-625.24 
-1581.19 
-2394.11 
-3033.3 
-3581.3 
-4142.25 
-4398.0 
-4551.29 
-4677.09 
-4928.87 
-5456.44 
-5761.27 
-5946.41 
-6147.33 
-6327.91 
-6843.57 
-6936.76 
-7208.28 
-7475.5 
-7731.1 
-8260.19 
-8649.32 
-9069.59 
-9356.43 
-9636.34 
-10269.08 
-10504.02 
-10913.97 
-11098.94 
-11413.8 
-11538.24 
-12010.78 
-12127.41 
-12324.87 
-12499.33 
-12808.84 
-13184.56 
-13651.91 
-14050.44 
-14252.63 
-14662.33 
-15167.12 
-15589.29 
-16023.95 
-16155.26 
-15590.78 
-15027.49 
-14875.45 
-14832.05 
-14714.86 
-14380.94 
-13683.48 
-12850.29 
-11757.92 
-10612.88 
-9661.88 
-8246.34 
-6546.89 
-4538.21 
-2253.9 
64.65 
2284.73 
4511.12 
6463.56 
8759.52 
10509.79 
12315.62 
13675.06 
14313.7 
14732.21 
14887.58 
14422.87 
13907.8 
13386.99 
12611.39 
12140.41 
11555.71 
11279.42 
10775.46 
10092.0 
9659.05 
9237.27 
8810.34 
8838.88 
8639.23 
8422.58 
8324.01 
8318.25 
8342.36 
8506.65 
8705.25 
8825.77 
8944.48 
9158.67 
9327.1 
8930.32 
9217.21 
8941.41 
8931.13 
8796.0 
8669.07 
8658.68 
8685.95 
8580.79 
8383.23 
8361.54 
7949.96 
7861.27 
7516.74 
7346.74 
7240.07 
6945.7 
6863.14 
6682.14 
6504.31 
6332.28 
5931.55 
5347.81 
5348.89 
4993.86 
4685.52 
4565.08 
4359.71 
3999.4 
3706.57 
3401.22 
2984.77 
2706.33 
2347.25 
2263.41 
1907.88 
1645.12 
1282.97 
1215.55 
1066.69 
690.91 
487.79 
401.43 
162.31 
-286.73 
-393.31 
-615.95 
-678.93 
-923.05 
-1012.11 
-985.11 
-1017.85 
-1070.77 
-1392.36 
-1627.27 
-1662.9 
-1828.26 
-2028.6 
-2151.11 
-2132.43 
-2220.38 
-2405.84 
-2332.34 
-2276.51 
-2223.76 
-2224.76 
-2064.4 
-1969.31 
-1905.97 
-1758.75 
-1506.32 
-1265.63 
-1057.63 
-883.98 
-808.41 
-523.21 
-373.88 
-172.73 
279.95 
172.15 
521.35 
445.71 
636.38 
808.03 
885.67 
967.1 
1070.94 
1054.15 
1202.9 
1070.47 
1258.04 
1046.57 
1177.46 
1151.86 
925.58 
1076.55 
1175.41 
1148.29 
1194.95 
1391.0 
1397.52 
1221.83 
1321.94 
1343.48 
1368.66 
1289.84 
1442.98 
1338.24 
1345.56 
1420.73 
1342.77 
1510.0 
1339.24 
1428.55 
1134.66 
963.78 
837.28 
943.18 
759.56 
722.9 
858.91 
540.26 
283.11 
265.21 
310.47 
-57.89 
-211.66 
-322.22 
-386.18 
-324.11 
-489.91 
-577.34 
-594.98 
-594.76 
-597.06 
-932.13 
-869.53 
-1023.74 
-1112.89 
-1003.8 
-1023.68 
-1112.98 
-907.75 
-1039.75 
-1180.94 
-1159.46 
-1068.14 
-998.98 
-982.06 
-1023.5 
-984.92 
-1008.55 
-826.13 
-835.61 
-601.73 
-568.28 
-684.22 
-531.56 
-289.1 
-311.25 
-272.74 
-320.52 
-9.71999999997 
-97.77 
-8.82000000001 
81.64 
224.75 
291.51 
78.07 
173.11 
304.51 
409.97 
601.16 
564.11 
604.64 
736.45 
864.21 
1000.43 
1043.32 
814.55 
823.37 
661.22 
659.06 
575.42 
623.06 
429.99 
401.5 
268.56 
81.29 
-70.94 
43.26 
-234.94 
-297.72 
-418.14 
-128.0 
-577.22 
-580.55 
-400.9 
-633.89 
-654.13 
-740.82 
-936.19 
-861.67 
-688.21 
-729.44 
-972.62 
-982.8 
-871.88 
-904.58 
-990.19 
-933.94 
-1217.35 
-1094.03 
-1090.47 
-1126.17 
-1054.26 
-1035.95 
-1000.1 
-1019.48 
-985.87 
-951.25 
-738.27 
-567.6 
-536.48 
-515.76 
-475.22 
-372.05 
-346.71 
-139.21 
-335.37 
-107.42 
-101.11 
20.35 
179.84 
131.81 
222.49 
107.79 
162.89 
343.78 
379.15 
365.8 
501.31 
532.75 
605.27 
555.43 
753.37 
902.8 
790.19 
788.09 
642.89 
597.23 
531.6 
462.13 
364.84 
339.61 
317.48 
231.65 
284.77 
159.29 
-9.33000000002 
-170.39 
-355.96 
-442.49 
-276.55 
-123.06 
-245.14 
-226.97 
-506.21 
-488.06 
-361.63 
-433.13 
-464.05 
-677.37 
-627.32 
-720.91 
-704.06 
-640.8 
-864.14 
-798.92 
-777.38 
-750.13 
-868.63 
-716.15 
-687.21 
-748.93 
-643.9 
-688.49 
-742.06 
-816.95 
-731.98 
-740.83 
-652.18 
-762.56 
-491.5 
-725.16 
-873.42 
-826.22 
-655.59 
-745.97 
-697.45 
-877.27 
-687.24 
-840.23 
-891.82 
-971.49 
-1079.35 
-1222.32 
-1293.9 
-1360.45 
-1257.31 
-1313.75 
-1371.94 
-1272.33 
-1307.31 
-1467.98 
-1501.26 
-1726.04 
-1915.37 
-2154.04 
-2314.69 
-2524.06 
-2762.51 
-3023.95 
-3231.54 
-3455.98 
-3662.54 
-3908.57 
-3953.29 
-4199.42 
-4192.76 
-4219.04 
-4246.36 
-4515.27 
-4536.08 
-4704.99 
-4799.36 
-4755.46 
-4902.96 
-5134.9 
-5140.23 
-5016.91 
-4890.62 
-4707.45 
-4463.48 
-4141.55 
-3579.32 
-3057.25 
-2546.7 
-1707.85 
-780.63 
-164.5 
721.08 
1265.54 
1920.21 
2141.07 
2228.63 
2465.69 
2722.33 
2686.03 
2888.49 
2887.05 
2783.19 
2604.82 
2480.76 
2130.99 
1792.51 
1503.28 
1003.0 
479.97 
150.18 
64.7 
-80.15 
-289.9 
-665.66 
-758.08 
-911.62 
-801.02 
-1008.87 
-856.68 
-707.04 
-476.3 
-170.31 
-179.52 
-610.07 
-1208.8 
-2122.34 
-3220.29 
-4511.5 
-5420.58 
-6565.77 
-7320.85 
-8159.72 
-9185.32 
-10244.01 
-11343.25 
-12205.59 
-13235.41 
-14439.39 
-15636.02 
-16849.83 
-17831.38 
-18158.33 
-17929.57 
-16873.71 
-14463.51 
-11038.38 
-6026.86 
-1649.81 
2603.7 
5603.63 
7603.97 
8913.51 
9702.38 
10059.17 
9883.98 
9242.06 
7948.68 
5865.85 
4240.01 
3184.47 
1754.11 
860.67 
64.3 
-403.8 
-240.23 
-279.66 
-497.04 
241.93 
2734.14 
6416.69 
9562.31 
11276.19 
12495.85 
13765.35 
14455.63 
14478.14 
13611.56 
12503.0 
11121.7 
9540.32 
8856.07 
8560.08 
8785.91 
9472.72 
9736.93 
10709.28 
13324.92 
17074.95 
19103.45 
19768.52 
18384.52 
17157.79 
16056.63 
14262.83 
12612.09 
10143.74 
6893.12 
3782.24 
3483.67 
4120.92 
5043.74 
5704.73 
6467.98 
7800.34 
7900.91 
7492.37 
7531.92 
7402.47 
7490.0 
7164.35 
6798.59 
6642.91 
6496.38 
6443.05 
6843.07 
7293.59 
8090.04 
9392.28 
10474.42 
10845.19 
10160.39 
8970.17 
8501.58 
8550.43 
9215.81 
10116.86 
10729.59 
11014.21 
11301.32 
12612.35 
13474.94 
10290.47 
4405.33 
-944.79 
-4393.89 
-6016.12 
-6300.35 
-7017.07 
-6864.75 
-7231.59 
-7196.12 
-6969.58 
-6904.47 
-6813.19 
-6643.22 
-6529.46 
-6384.87 
-6507.67 
-6483.78 
-6406.75 
-6691.58 
-6570.02 
-6549.5 
-6666.74 
-6470.63 
-6670.69 
-6636.25 
-6701.32 
-6909.57 
-6861.98 
-7019.63 
-7065.65 
-7434.14 
-7599.21 
-7837.97 
-7995.29 
-8584.07 
-9096.35 
-9288.35 
-9145.62 
-8951.82 
-8819.85 
-8505.11 
-8074.34 
-7547.72 
-7288.26 
-7125.34 
-6958.1 
-6701.95 
-6409.58 
-6233.5 
-6197.64 
-6076.95 
-5816.91 
-5575.33 
-5314.01 
-5199.56 
-5015.64 
-4852.1 
-4499.22 
-4185.34 
-3371.56 
-2701.19 
-2393.92 
-1978.55 
-1422.07 
-574.22 
634.74 
1556.44 
2364.8 
2994.76 
3271.97 
3804.1 
4478.23 
5155.75 
6149.12 
6883.45 
7918.21 
8579.51 
8636.75 
9067.66 
9620.46 
9792.04 
8357.81 
5755.44 
2778.14 
337.5 
-1696.09 
-3022.32 
-3733.66 
-3955.3 
-3683.2 
-3439.23 
-3176.73 
-2811.02 
-2878.64 
-2626.18 
-2658.3 
-2616.01 
-2688.82 
-2604.66 
-2670.69 
-2593.8 
-2509.77 
-2151.39 
-2008.61 
-1769.54 
-1604.22 
-1680.36 
-1460.67 
-1332.11 
-1262.14 
-1059.46 
-928.13 
-697.14 
-428.13 
632.63 
309.78 
-5.06 
60.06 
-90.25 
-198.59 
-317.68 
-206.93 
171.28 
256.37 
454.38 
357.6 
602.13 
843.5 
965.61 
1123.39 
1430.01 
1680.32 
1809.92 
2009.31 
2176.4 
2133.47 
2105.53 
1999.83 
2126.0 
1882.93 
1877.38 
1833.72 
1850.84 
1864.27 
1742.87 
1827.97 
1655.27 
1514.38 
1265.27 
960.99 
854.46 
530.5 
442.69 
233.51 
3.70000000001 
27.51 
-182.33 
-203.11 
-504.42 
-525.37 
-681.88 
-793.26 
-625.2 
-780.12 
-699.13 
-595.1 
-571.85 
-726.74 
-595.8 
-441.94 
-693.44 
-564.46 
-567.77 
-551.17 
-516.56 
-586.8 
-584.77 
-768.75 
-668.26 
-459.17 
-512.89 
-521.67 
-640.72 
-621.49 
-487.1 
-334.21 
-592.5 
-494.61 
-395.13 
-275.28 
-221.12 
-336.02 
-202.05 
-290.64 
8.47999999998 
-46.36 
13.03 
-141.48 
53.84 
102.61 
209.2 
264.78 
136.94 
317.76 
264.22 
258.04 
137.79 
269.46 
16.47 
287.87 
213.21 
127.8 
-22.6 
-25.54 
-59.59 
-400.65 
-409.35 
-545.76 
-720.04 
-730.28 
-835.11 
-941.64 
-1007.27 
-1083.73 
-1069.76 
-970.48 
-1013.21 
-915.24 
-854.21 
-821.05 
-914.19 
-1044.24 
-937.5 
-927.54 
-1055.6 
-998.16 
-939.85 
-992.95 
-784.39 
-936.73 
-1016.65 
-1029.81 
-846.53 
-798.67 
-921.58 
-655.45 
-735.24 
-760.72 
-660.2 
-649.38 
-659.25 
-344.66 
-403.82 
-389.25 
-267.59 
-152.88 
-374.22 
-250.64 
-215.7 
-63.42 
-172.04 
-16.99 
66.97 
179.49 
13.9 
121.52 
250.23 
419.52 
579.72 
523.21 
273.47 
443.14 
449.72 
245.43 
268.9 
117.34 
170.93 
96.67 
198.98 
-48.56 
-297.09 
-274.4 
-212.1 
-187.34 
-401.9 
-438.82 
-556.99 
-625.77 
-638.85 
-660.48 
-786.31 
-751.46 
-583.51 
-598.36 
-607.49 
-777.47 
-451.71 
-510.78 
-649.43 
-529.85 
-666.05 
-630.83 
-717.64 
-632.54 
-773.26 
-752.71 
-839.93 
-622.9 
-584.7 
-797.05 
-711.13 
-561.57 
-635.22 
-594.36 
-512.6 
-430.05 
-461.97 
-454.28 
-417.45 
-461.75 
-466.99 
-427.23 
-465.96 
-479.76 
-426.35 
-505.68 
-229.07 
-151.94 
30.85 
-100.38 
-184.7 
51.44 
140.5 
214.2 
157.2 
67.09 
113.73 
217.38 
105.54 
397.02 
369.87 
464.5 
247.56 
344.07 
427.12 
337.55 
457.52 
412.94 
213.14 
321.89 
191.64 
127.81 
96.77 
-187.62 
-174.4 
-366.94 
-297.26 
-471.91 
-261.66 
-112.47 
-68.16 
-371.72 
-414.74 
-469.27 
-491.26 
-611.66 
-413.86 
-430.46 
-526.08 
-554.83 
-469.67 
-514.07 
-360.69 
-545.94 
-506.28 
-507.9 
-565.81 
-558.82 
-407.4 
-498.91 
-550.2 
-577.53 
-633.28 
-892.05 
-646.8 
-810.1 
-681.4 
-654.15 
-648.81 
-465.18 
-416.32 
-372.31 
-193.83 
-111.8 
-106.58 
-179.97 
-157.74 
-50.48 
-201.42 
-144.74 
-185.09 
-190.91 
-207.35 
-144.54 
-72.07 
-33.39 
-347.06 
-174.69 
-186.94 
-158.19 
-222.47 
-156.27 
-12.07 
148.6 
150.44 
199.1 
386.97 
273.9 
292.73 
117.9 
19.59 
-70.04 
-103.8 
-264.71 
-343.91 
-256.76 
-333.52 
-268.34 
38.3 
117.87 
167.52 
377.28 
395.71 
294.22 
315.35 
157.08 
279.77 
210.67 
608.21 
317.13 
423.56 
323.3 
207.23 
245.1 
752.13 
1267.47 
1349.71 
1489.36 
1592.61 
1766.76 
1544.62 
1403.13 
1104.18 
707.35 
348.62 
-161.21 
-253.87 
-540.98 
-1113.06 
-1950.6 
-2548.24 
-2953.36 
-3851.57 
-4636.11 
-5258.02 
-5023.24 
-4559.06 
-3991.28 
-3552.61 
-2667.79 
-2091.66 
-1767.96 
-1752.77 
-1568.39 
-1434.68 
-1324.69 
-1057.98 
-1084.87 
-1213.4 
-1005.71 
-1169.04 
-975.94 
-1261.78 
-1611.47 
-1967.93 
-2375.75 
-2726.98 
-3029.6 
-3438.77 
-4082.74 
-4455.81 
-5028.3 
-5549.29 
-5888.97 
-6519.47 
-6577.53 
-6974.75 
-7003.65 
-7114.9 
-7187.58 
-7250.64 
-7180.31 
-7002.54 
-6773.84 
-6644.27 
-6309.68 
-5601.91 
-5086.11 
-4835.97 
-4621.23 
-4606.49 
-4540.3 
-4304.32 
-4192.0 
-4383.46 
-4734.74 
-5286.18 
-5680.65 
-6181.89 
-6601.55 
-7170.49 
-7327.49 
-7507.72 
-7440.29 
-7593.28 
-7932.7 
-8515.97 
-9362.01 
-9170.23 
-8902.52 
-8419.64 
-8158.89 
-8406.38 
-8297.5 
-8420.43 
-8531.38 
-8572.59 
-8695.44 
-8733.11 
-9137.08 
-9228.67 
-9736.86 
-10763.06 
-11945.47 
-13104.68 
-14721.26 
-16030.5 
-17431.05 
-19369.95 
-20349.43 
-20608.63 
-19597.32 
-18295.37 
-17082.67 
-15541.17 
-13867.39 
-12259.19 
-10765.71 
-9176.44 
-7594.94 
-5918.63 
-4282.44 
-2690.57 
-1363.22 
-58.84 
1444.64 
2470.92 
3877.59 
4732.81 
5538.82 
6136.44 
6812.88 
6895.19 
7256.39 
7476.75 
8033.82 
8665.95 
9571.36 
10477.3 
11217.82 
12138.16 
12650.01 
13039.47 
13290.51 
13074.35 
12734.58 
11894.87 
11330.24 
10713.31 
10407.72 
10858.39 
11213.93 
11666.26 
12122.23 
12470.62 
12438.06 
11875.49 
11284.68 
10405.85 
9367.09 
8368.74 
7447.28 
6273.83 
4913.56 
4098.23 
3606.06 
3574.85 
3307.43 
3852.61 
4315.96 
4539.28 
4638.19 
4491.17 
4121.04 
3587.1 
2965.61 
2224.34 
1162.01 
-772.89 
-2651.94 
-4050.13 
-3497.76 
-2830.83 
-2058.2 
-2537.26 
-5128.56 
-9292.23 
-13779.49 
-17905.7 
-22083.43 
-26700.89 
-31675.82 
-36307.29 
-40938.96 
-44542.1 
-47977.18 
-51630.42 
-54679.62 
-58228.8 
-58227.36 
-54527.27 
-46757.61 
-33216.2 
-16040.69 
1926.36 
16565.03 
26858.18 
29814.93 
30205.06 
25947.85 
23365.02 
23833.39 
23570.8 
20830.53 
14773.88 
5047.08 
-8466.59 
-23525.61 
-37014.38 
-45756.86 
-48245.91 
-47016.46 
-44517.35 
-41823.39 
-38891.49 
-36155.14 
-34480.4 
-34189.24 
-34716.11 
-35330.16 
-35367.76 
-34660.29 
-49358.95 
-67533.42 
15515.41 
150799.89 
248945.87 
311461.21 
377206.68 
440491.94 
488423.61 
477746.46 
455608.78 
447861.44 
438788.3 
420426.5 
387656.59 
332264.49 
243861.59 
142430.06 
59160.79 
6309.35 
-25576.5 
-53577.48 
-70181.55 
-77707.03 
-80784.83 
-84372.99 
-93024.29 
-99499.74 
-105106.8 
-111082.42 
-116954.36 
-122279.6 
-126672.07 
-129330.73 
-130719.93 
-131025.91 
-130274.09 
-128840.74 
-126682.43 
-123972.64 
-121359.11 
-118882.12 
-116017.84 
-113730.2 
-111267.49 
-108701.97 
-106645.29 
-103857.52 
-101214.2 
-98750.86 
-96544.05 
-95176.97 
-94405.04 
-93116.47 
-90326.21 
-86320.19 
-82016.78 
-76856.51 
-70994.92 
-64607.02 
-58019.87 
-51804.49 
-45470.06 
-39040.48 
-32624.02 
-26026.1 
-18387.39 
-9488.88 
85.31 
8340.97 
14837.42 
18982.78 
20439.75 
20673.69 
20960.28 
20769.85 
20283.95 
18965.14 
17129.37 
15345.84 
13456.67 
11201.01 
8119.64 
5731.29 
2880.11 
2337.24 
3690.32 
6043.88 
9374.43 
12838.39 
16409.23 
20121.04 
24146.24 
28374.83 
32909.73 
37363.88 
41843.08 
46419.32 
51167.82 
56253.55 
60662.3 
65247.33 
70175.08 
74637.34 
79160.07 
83607.73 
87752.36 
92396.32 
96682.9 
101165.49 
105686.07 
110116.92 
114610.4 
119138.97 
123403.25 
128024.69 
132650.74 
137417.54 
142445.9 
147539.53 
152231.29 
157499.82 
162624.86 
167806.88 
173260.59 
178550.47 
184089.35 
189604.26 
195783.34 
210977.67 
267524.92 
357710.0 
305939.88 
400254.66 
165503.41 
-6813.87 
-109040.12 
-168924.86 
-204762.59 
-227092.07 
-241998.61 
-252561.57 
-260608.12 
-266648.56 
-271414.22 
-274645.8 
-276850.55 
-276831.46 
-275117.62 
-271674.21 
-268210.05 
-264478.8 
-260400.97 
-255683.71 
-251574.54 
-247079.39 
-243310.05 
-238651.27 
-234336.31 
-229756.5 
-225275.03 
-220458.87 
-215970.77 
-211639.75 
-207558.36 
-203096.77 
-198432.27 
-194180.63 
-189281.04 
-185020.92 
-180119.65 
-175900.58 
-171999.63 
-167691.28 
-163074.62 
-158552.65 
-154558.95 
-149289.98 
-144440.32 
-139100.38 
-133169.45 
-125285.37 
-111049.32 
-74491.55 
104147.25 
294740.69 
469904.42 
613970.71 
718011.26 
785138.46 
811219.14 
776330.82 
747053.55 
706316.37 
625401.12 
573294.4 
373984.7 
192773.43 
76041.53 
7714.57 
-31322.65 
-53542.45 
-66111.29 
-75303.47 
-81817.6 
-87209.56 
-91629.69 
-96031.22 
-100172.79 
-104759.02 
-109018.19 
-113501.95 
-117619.47 
-122260.79 
-126571.43 
-130821.64 
-135311.52 
-140069.38 
-144768.84 
-149815.4 
-154595.04 
-159550.16 
-164556.02 
-169424.49 
-174748.2 
-180642.55 
-186429.29 
-193030.15 
-199283.49 
-205499.67 
-211987.97 
-218709.01 
-224850.1 
-231035.67 
-236548.84 
-240241.2 
-242349.99 
-242322.2 
-240786.66 
-238508.66 
-235502.39 
-232347.67 
-229198.03 
-226541.68 
-224629.88 
-223095.13 
-222542.88 
-223982.91 
-227099.23 
-231775.2 
-237482.67 
-243899.21 
-80052.3 
-9103.07 
29260.83 
46011.5 
45634.21 
36989.4 
21942.63 
2179.68 
-17935.32 
-38411.02 
-58226.61 
-77756.44 
-97630.66 
-117724.83 
-138397.22 
-160337.16 
-182202.34 
-203333.27 
-224214.57 
-243373.58 
-183494.1 
-151973.44 
-136215.09 
-127988.34 
-124531.24 
-126871.8 
-134715.67 
-151557.59 
-179549.91 
-214780.02 
-248280.08 
-275983.99 
-297052.27 
-316152.98 
-337335.15 
-362107.42 
-387884.74 
-410618.7 
-430231.7 
-448855.32 
-466589.54 
-482914.69 
-499545.46 
-517814.77 
-535098.88 
-547087.15 
-550765.22 
-540452.85 
-517103.25 
-491191.79 
-447816.24 
-305381.07 
61492.42 
701320.28 
753877.3 
736495.21 
719233.46 
702028.12 
684832.08 
667641.91 
650454.06 
633275.21 
616108.26 
598949.86 
581797.87 
564646.56 
547483.33 
530309.03 
513131.1 
495952.17 
478789.57 
462433.81 
446601.43 
431134.84 
415958.75 
401025.51 
386277.15 
371658.7 
357080.19 
342430.11 
327636.1 
312715.51 
297726.31 
282734.89 
267760.93 
252783.61 
237767.05 
222701.18 
207616.41 
192543.96 
177493.73 
162474.63 
147500.73 
132568.97 
117662.99 
102792.62 
88010.84 
73400.77 
59102.31 
45245.85 
31857.03 
19110.5 
7979.77 
701.35 
0.0 
0.0 
0.0 
