16762324 
182855 
1563065 
2096921 
2096921 
2096921 
2096921 
2096921 
2096921 
2096921 
2096921 
2096921 
2096921 
2096921 
2096921 
2096921 
2096921 
2096921 
2096921 
2096921 
2096921 
2096921 
2096921 
2096921 
2096921 
2096921 
2096921 
2096921 
2096921 
2096921 
2096921 
2096921 
2096921 
2096921 
2096921 
2096921 
2096921 
2096921 
2096921 
2096921 
2096921 
2096921 
2096921 
2004523 
1944029 
1910090 
1890788 
1880769 
1876339 
1875821 
1877969 
1885215 
1893795 
1901525 
1912382 
1928821 
1941385 
1951960 
1975737 
1456138 
1150833 
971977 
874574 
821667 
794747 
784808 
786765 
822629 
909522 
1023746 
1189770 
1329165 
1415001 
1472562 
1504012 
1516230 
1520176 
1520018 
1182029 
990662 
876292 
806036 
763746 
738935 
726970 
725814 
726180 
724567 
715592 
697066 
677918 
657556 
633664 
604265 
571520 
541565 
513371 
571542 
589348 
586425 
578405 
564829 
546114 
529802 
519053 
512637 
509483 
508076 
507600 
508246 
509076 
510716 
512362 
514609 
516571 
518688 
520569 
522809 
524899 
526932 
529091 
531097 
533254 
535294 
536970 
538709 
540578 
542075 
543235 
544771 
545962 
547027 
548098 
549260 
550148 
551137 
551873 
552692 
553470 
554207 
554740 
555797 
556364 
557058 
557606 
558297 
559191 
560158 
560822 
561803 
562558 
563548 
564202 
564849 
565506 
565958 
566515 
566655 
567353 
567850 
568255 
568716 
569021 
569558 
569955 
570208 
570587 
571025 
571179 
571309 
571664 
572015 
572062 
571853 
571573 
570774 
570522 
570066 
569656 
569512 
569726 
569897 
570293 
570595 
570964 
571190 
571631 
572145 
573101 
573779 
574771 
575496 
576255 
577021 
577448 
577876 
578460 
578766 
578872 
578686 
578358 
578009 
577808 
577456 
577550 
577469 
577497 
577742 
577884 
577985 
578248 
578362 
578657 
578834 
578970 
579079 
579109 
579256 
579260 
579256 
579352 
579179 
579209 
579052 
578794 
578591 
577569 
573048 
568763 
566011 
563929 
562649 
561914 
561242 
560841 
560289 
559834 
559764 
559551 
559479 
559688 
560477 
562560 
566090 
571808 
577345 
583084 
586254 
597523 
606820 
613812 
615326 
610947 
604141 
598571 
594420 
591622 
589799 
587958 
586673 
585053 
583735 
582897 
582133 
581378 
581069 
581278 
582496 
584404 
586984 
590571 
594290 
598718 
600619 
601201 
601100 
600757 
600323 
599356 
598439 
597743 
596922 
595502 
594433 
593606 
592821 
591902 
591020 
590476 
589801 
588751 
587947 
587183 
586751 
586006 
585591 
585087 
584441 
583941 
583310 
582993 
582195 
581939 
581410 
581082 
580459 
580030 
579435 
578774 
578250 
577516 
576857 
575999 
575543 
575228 
575057 
575086 
574940 
574777 
574523 
574551 
574009 
573414 
572847 
572256 
571787 
571192 
570337 
569669 
568376 
567095 
565248 
563712 
562443 
561462 
560897 
560289 
560349 
560274 
560114 
560178 
559963 
559555 
559749 
559728 
560001 
560088 
560395 
561040 
561387 
562076 
562552 
563326 
563953 
564841 
565209 
565635 
566238 
566943 
567146 
567869 
568475 
569123 
569699 
570153 
570574 
571192 
571622 
572107 
572566 
573116 
573653 
574545 
575180 
575325 
576064 
576555 
577139 
577537 
577878 
578493 
578923 
579290 
579439 
580117 
580614 
581201 
581670 
582411 
582897 
583095 
583784 
584228 
585070 
585462 
585898 
586567 
587028 
587086 
587515 
587990 
588442 
588982 
589731 
590323 
591093 
591701 
592601 
593215 
593712 
594640 
595142 
595913 
596524 
597216 
597852 
598416 
599038 
599635 
600416 
601235 
601921 
602642 
603150 
603734 
604285 
604867 
605309 
605944 
606432 
607034 
607524 
607906 
608608 
609030 
609372 
609832 
610331 
610805 
611061 
611489 
611909 
612161 
612498 
612904 
613016 
613372 
613398 
613750 
614079 
614441 
614578 
614720 
615137 
615298 
615539 
615797 
616248 
616239 
616201 
616665 
616612 
616874 
616938 
616919 
617058 
617088 
617228 
617598 
617651 
617922 
618163 
618318 
618576 
618893 
619168 
619263 
619706 
619528 
619587 
619884 
619965 
619933 
619935 
619939 
619562 
619189 
618927 
618436 
618112 
618013 
618000 
617994 
617598 
617084 
616163 
615350 
614471 
614752 
616098 
617757 
616650 
614669 
612265 
610489 
608426 
606871 
605336 
603743 
601979 
600173 
598402 
596493 
594812 
593792 
592850 
592392 
591980 
591635 
591902 
592171 
592633 
593263 
593746 
594252 
594821 
595382 
596063 
596969 
597760 
598645 
599159 
599891 
600329 
600838 
601514 
601608 
601584 
601601 
601313 
600960 
600369 
599931 
599036 
598543 
597769 
596956 
596209 
595549 
594501 
593913 
593280 
592648 
591883 
591635 
590956 
590455 
590027 
589325 
588992 
588546 
588146 
587587 
587171 
586400 
585657 
585010 
584129 
583441 
582861 
582159 
581492 
580894 
580265 
579746 
579333 
578595 
578087 
577539 
577101 
576477 
575835 
575404 
574784 
574340 
573796 
573216 
572710 
572282 
571815 
571440 
571072 
570646 
570324 
569974 
569167 
568492 
567440 
566568 
565587 
564439 
563580 
562539 
561603 
560636 
559696 
558793 
557758 
557022 
556322 
555725 
555001 
554471 
553913 
553310 
552681 
552116 
551636 
550952 
550412 
549824 
549350 
548961 
548396 
547708 
547592 
547031 
546468 
545899 
545672 
545361 
544929 
544760 
544400 
544017 
543841 
543668 
543551 
543069 
543205 
542917 
542657 
542510 
542265 
541939 
541842 
541691 
541552 
541076 
540817 
540432 
539761 
539142 
538362 
537455 
536926 
536039 
535506 
534981 
534494 
533707 
533385 
532818 
532338 
532014 
531694 
531466 
531214 
530969 
530662 
530274 
530007 
529628 
529309 
528954 
528787 
528269 
528064 
527796 
527616 
527343 
527121 
527237 
526880 
526699 
526657 
526742 
526488 
526514 
526388 
526204 
526397 
526228 
525921 
526019 
525777 
525834 
525923 
525868 
525614 
525341 
525264 
525266 
524611 
524125 
523626 
522871 
522448 
522010 
521651 
520964 
520601 
520152 
519733 
519587 
519223 
518891 
518569 
518484 
517993 
517883 
517846 
517873 
517536 
517430 
517319 
517100 
516918 
516669 
516449 
516547 
516140 
516082 
515820 
515745 
515813 
515640 
515591 
515585 
515600 
515551 
515585 
515722 
515566 
515462 
515418 
515430 
515466 
515236 
515406 
515367 
515308 
515225 
515248 
515236 
514920 
514912 
514487 
514297 
513534 
513181 
512542 
512032 
511616 
511109 
510720 
510404 
510083 
509865 
509568 
509477 
509191 
509124 
509016 
508788 
508820 
508679 
508417 
508314 
508220 
507958 
507784 
507751 
507672 
507679 
507619 
507297 
507213 
507139 
507287 
507222 
506995 
507020 
506851 
507103 
507097 
507065 
507005 
506992 
507056 
507167 
507109 
507082 
507238 
507069 
507248 
506971 
507020 
506432 
506199 
505729 
505156 
504661 
504316 
503861 
503613 
503319 
502948 
502707 
502637 
502272 
502115 
501978 
501984 
502026 
501711 
501732 
501715 
501389 
501112 
501340 
501057 
501065 
501016 
501063 
500615 
500502 
500559 
500523 
500581 
500517 
500485 
500468 
500528 
500323 
500451 
500523 
500384 
500722 
500733 
500506 
500600 
500659 
500747 
500661 
500798 
500841 
500726 
501006 
501086 
501084 
501012 
500903 
500845 
500845 
500696 
500352 
500067 
499380 
498796 
498568 
498051 
497493 
497160 
496788 
496606 
496462 
496255 
496128 
495628 
495507 
495385 
495251 
495268 
495095 
494903 
494773 
494931 
494678 
494814 
494530 
494411 
494359 
494101 
494336 
494048 
494027 
493978 
494001 
494101 
493897 
494080 
493980 
494010 
494084 
493965 
494050 
494176 
494164 
494147 
494331 
494206 
494240 
494215 
494321 
494263 
494161 
494105 
494287 
494447 
494536 
494365 
494449 
494530 
494547 
494727 
494670 
494724 
494780 
495068 
494814 
495006 
494746 
494949 
494786 
494445 
494058 
493861 
493148 
492769 
492386 
491724 
491379 
491375 
491026 
490714 
490371 
490304 
490262 
489938 
489910 
489701 
489531 
489535 
489430 
489332 
489228 
489008 
489049 
488801 
488820 
488748 
488641 
488567 
488345 
488454 
488441 
488287 
488260 
488059 
488204 
488147 
487897 
488168 
488187 
487993 
488175 
488257 
488403 
488399 
488368 
488175 
488357 
488456 
488262 
488296 
488454 
488564 
488603 
488615 
488704 
488543 
488545 
488678 
488706 
488735 
488912 
488674 
488710 
488891 
489040 
489098 
489127 
489328 
489518 
489358 
489134 
489377 
489034 
488974 
488581 
488332 
488138 
487622 
487178 
486950 
486613 
486274 
486008 
485792 
485419 
485225 
485015 
484848 
484535 
484649 
484634 
484508 
484397 
484331 
484414 
484099 
484011 
483881 
483851 
483655 
483657 
483462 
483424 
483229 
483343 
483058 
483128 
483166 
482985 
483216 
483034 
483032 
483143 
483384 
483177 
483229 
482933 
483013 
483032 
483143 
483043 
483172 
483363 
483043 
483143 
483079 
483155 
483246 
483175 
483239 
483100 
483386 
483487 
483599 
483504 
483318 
483460 
483471 
483397 
483448 
483448 
483576 
483485 
483631 
483650 
483704 
483629 
483265 
483075 
482738 
482575 
482275 
482055 
481695 
481432 
480914 
480859 
480442 
480193 
480002 
479841 
479570 
479496 
479507 
479321 
479374 
479282 
479206 
479075 
478912 
478867 
478717 
478617 
478474 
478421 
478427 
478442 
478205 
478220 
478084 
477956 
477973 
477907 
478054 
477700 
477676 
477738 
477708 
477856 
477553 
477642 
477852 
477830 
477691 
477930 
477854 
477717 
477725 
477903 
477719 
477839 
477811 
477710 
477666 
477956 
477818 
477864 
477754 
477811 
477528 
477723 
477924 
477881 
478078 
478017 
477932 
477900 
478035 
477949 
478159 
478180 
478027 
477854 
477767 
477566 
477018 
476580 
476165 
476040 
475774 
475414 
475126 
474957 
474772 
474426 
474269 
474360 
474168 
474155 
473856 
473962 
473684 
473611 
473613 
473342 
473374 
473048 
473103 
473044 
472846 
472654 
472547 
472542 
472645 
472455 
472409 
472358 
472438 
472307 
472155 
472313 
472421 
472208 
472157 
472351 
472332 
472184 
472112 
472227 
472048 
472085 
472178 
472278 
472119 
472127 
472116 
472282 
471973 
472187 
472252 
472326 
472136 
472231 
472434 
472396 
472498 
472470 
472364 
472383 
472511 
472496 
472528 
472582 
472519 
472571 
472455 
472023 
471694 
471556 
470944 
470534 
470430 
470180 
469835 
469615 
469331 
469262 
469002 
468911 
468851 
468531 
468468 
468601 
468495 
468450 
468209 
468254 
468187 
468019 
467970 
467708 
467825 
467721 
467626 
467317 
467349 
467347 
467207 
467080 
467122 
467132 
467099 
467002 
467082 
467048 
466844 
466851 
466820 
466878 
466834 
466648 
466797 
466707 
466718 
466695 
466746 
466663 
466799 
466816 
466612 
466898 
466712 
466644 
466716 
466571 
466567 
466654 
466814 
466748 
466690 
466739 
466667 
466633 
466746 
466505 
466524 
466517 
466631 
466377 
466362 
466204 
465713 
465541 
465315 
465012 
464665 
464284 
464045 
463743 
463772 
463463 
463197 
463048 
462926 
462926 
462777 
462517 
462655 
462441 
462344 
462201 
462181 
462166 
461922 
461908 
461910 
461569 
461512 
461489 
461444 
461162 
461311 
461222 
461431 
461169 
461150 
461079 
461076 
460991 
461226 
461196 
461028 
460955 
461099 
461083 
460870 
460926 
460755 
460845 
461199 
460923 
460887 
461114 
461032 
461116 
460845 
460902 
460855 
460934 
461055 
461083 
460776 
460983 
460966 
461019 
460989 
460985 
460812 
460932 
461072 
460989 
460885 
460843 
460676 
460307 
460166 
459997 
459571 
459305 
458974 
458797 
458479 
458189 
458115 
458012 
457857 
457639 
457667 
457582 
457261 
457289 
457127 
457220 
457089 
457159 
457089 
457070 
456964 
456711 
456468 
456427 
456143 
456314 
456234 
456208 
456116 
456204 
456060 
456007 
456080 
455992 
455956 
455965 
455841 
455815 
455719 
455715 
455828 
455912 
455796 
455783 
455798 
455783 
455807 
455999 
456001 
456026 
455836 
455875 
455999 
455975 
455906 
456065 
456073 
456210 
456058 
455986 
456054 
456189 
456167 
456367 
456257 
456344 
456261 
455958 
455986 
455673 
455284 
455075 
454818 
454541 
454141 
454092 
454022 
453669 
453476 
453465 
453335 
453296 
453108 
452884 
452874 
452767 
452740 
452611 
452699 
452697 
452528 
452289 
452343 
452211 
452338 
452006 
451987 
452096 
452185 
452002 
452029 
452084 
452092 
452006 
452061 
451891 
451840 
451965 
451874 
452016 
451942 
452025 
451989 
452046 
452109 
452111 
452213 
452224 
452006 
452226 
452102 
452102 
452196 
452094 
452211 
452281 
452268 
452367 
452490 
452375 
452486 
452420 
452511 
452511 
452448 
452569 
452334 
452122 
452031 
451760 
451483 
451240 
450933 
450854 
450607 
450334 
450161 
450067 
449984 
449767 
449701 
449786 
449470 
449303 
449129 
449221 
449193 
449434 
449398 
449153 
449062 
449133 
449050 
449005 
448779 
448655 
448717 
448806 
448672 
448600 
448427 
448668 
448717 
448543 
448814 
448455 
448751 
448723 
448660 
448969 
448689 
448843 
448858 
448850 
448920 
449138 
449005 
449033 
449218 
449165 
449131 
449229 
449362 
449214 
449289 
449323 
449470 
449496 
449489 
449540 
449627 
449754 
449682 
449739 
449375 
449491 
449312 
449045 
448700 
448655 
448285 
448243 
447979 
447845 
447576 
447358 
447276 
447233 
447058 
446895 
446903 
446901 
447041 
447024 
446905 
446842 
446698 
446878 
446732 
446640 
446576 
446480 
446403 
446454 
446478 
446505 
446420 
446454 
446478 
446620 
446495 
446567 
446561 
446670 
446525 
446630 
446607 
446586 
446821 
446715 
446883 
447022 
447011 
446915 
447026 
447100 
447229 
447386 
447369 
447354 
447422 
447449 
447433 
447461 
447534 
447593 
447536 
447593 
447720 
447655 
447726 
447625 
447288 
447147 
446964 
446795 
446467 
446497 
446313 
446188 
445949 
445752 
445657 
445680 
445631 
445405 
445467 
445405 
445377 
445136 
445247 
445151 
445007 
445206 
444931 
445174 
444921 
444978 
445047 
444717 
444857 
444725 
444872 
444872 
444952 
445021 
444980 
445157 
445021 
445145 
445134 
445164 
445089 
445009 
445172 
445251 
445242 
445362 
445433 
445544 
445614 
445559 
445655 
445823 
445891 
445843 
445881 
445932 
446141 
446164 
446215 
446053 
446109 
446351 
446288 
446478 
446467 
446484 
446429 
446334 
446399 
446249 
446139 
446078 
445864 
445401 
445369 
445221 
444955 
444921 
444923 
444558 
444618 
444482 
444444 
444586 
444315 
444300 
444298 
444539 
444533 
444635 
444465 
444584 
444315 
444355 
444434 
444270 
444345 
444406 
444245 
444324 
444398 
444478 
444488 
444463 
444499 
444434 
444507 
444469 
444539 
444524 
444785 
444694 
444861 
444677 
444855 
444912 
444893 
444878 
444959 
445200 
445136 
445194 
445294 
445331 
445337 
445236 
445352 
445375 
445452 
445501 
445587 
445623 
445693 
445801 
445750 
445932 
445754 
445631 
445358 
445369 
445286 
445032 
444889 
444533 
444430 
444332 
444102 
443987 
444070 
443824 
443902 
443782 
443761 
443545 
443558 
443502 
443329 
443249 
443102 
443031 
443240 
443217 
443098 
442829 
442908 
442715 
442630 
442598 
442749 
442717 
442840 
442788 
442796 
442937 
442762 
442732 
442876 
443039 
443014 
443204 
443219 
443208 
443475 
443490 
443615 
443865 
444138 
444217 
444448 
444719 
444878 
445157 
445360 
445650 
445778 
446013 
446245 
446539 
446757 
447151 
447193 
447593 
447672 
447900 
447728 
447461 
447331 
447158 
447143 
447363 
447674 
448199 
449144 
450353 
451603 
453305 
454841 
456856 
459302 
462367 
467812 
475378 
484275 
493637 
502997 
512307 
520710 
528224 
534232 
539761 
544798 
549126 
552986 
556558 
560008 
563015 
565821 
568547 
570803 
572758 
574566 
576087 
577473 
578642 
579753 
580879 
581875 
583054 
584102 
585162 
585854 
586755 
587314 
588034 
588220 
588670 
589041 
589553 
589967 
590444 
590694 
590952 
591219 
591251 
591430 
591392 
591517 
591306 
590758 
590243 
589502 
588391 
587738 
587056 
586173 
585253 
584512 
583756 
582620 
581643 
580717 
579723 
578735 
577886 
577008 
576289 
575165 
574357 
573099 
572043 
570659 
569443 
568069 
566771 
565531 
564000 
562306 
560880 
559578 
558414 
557227 
556135 
555261 
554633 
553564 
552990 
552182 
551388 
550802 
549847 
549245 
548332 
547624 
546550 
545871 
544978 
544103 
543264 
542184 
541386 
540511 
539711 
538919 
538123 
537308 
536263 
535384 
534561 
533597 
532807 
531895 
530939 
530248 
529406 
528613 
527785 
527286 
526548 
526073 
525475 
524829 
524088 
523648 
522948 
522444 
521798 
521182 
520552 
519898 
519157 
518450 
518002 
517456 
516683 
516108 
515779 
515314 
514965 
514504 
514076 
513610 
513137 
512874 
512586 
512264 
511947 
511588 
511262 
510808 
510726 
510319 
510042 
509935 
509439 
509187 
508876 
508536 
508018 
507438 
506896 
506290 
505606 
505023 
504435 
503697 
503153 
502398 
501768 
501118 
500600 
500195 
499696 
499058 
498813 
498204 
497622 
497135 
496981 
496437 
495972 
495643 
495201 
494974 
494490 
494122 
493773 
493396 
493084 
492734 
492530 
492188 
491724 
491860 
491459 
491119 
491178 
491053 
490602 
490583 
490463 
490308 
490424 
490077 
490035 
489946 
489729 
489787 
489313 
489174 
489132 
489023 
488857 
488569 
488101 
487667 
487057 
486630 
486247 
485745 
485096 
484525 
483794 
483420 
482988 
482410 
481995 
481503 
481281 
480914 
480539 
480108 
479946 
479763 
479208 
479229 
478809 
478561 
478250 
477966 
477719 
477547 
477214 
476906 
476591 
476436 
476284 
476040 
476032 
475853 
475580 
475560 
475503 
475196 
474999 
474859 
474812 
474874 
474627 
474665 
474383 
474518 
474222 
474178 
474013 
474095 
474104 
473880 
473831 
473566 
473217 
472688 
472571 
472191 
471502 
471165 
470576 
470110 
469761 
469403 
469232 
468768 
468544 
468174 
468030 
467680 
467599 
467463 
467358 
467386 
467296 
466878 
466799 
466665 
466601 
466532 
466381 
466263 
466234 
465848 
465956 
465963 
465948 
466023 
465842 
465774 
465959 
465795 
465963 
465786 
465850 
465922 
465789 
465854 
465861 
465899 
466040 
466019 
465869 
466047 
466032 
466187 
465759 
465842 
465509 
465469 
465089 
464809 
464289 
464138 
463772 
463457 
463252 
462983 
462745 
462689 
462743 
462483 
462617 
462491 
462606 
462615 
462521 
462399 
462621 
462420 
462422 
462464 
462644 
462485 
462485 
462462 
462399 
462412 
462585 
462405 
462595 
462766 
462714 
462881 
463012 
462913 
463071 
463285 
463195 
463344 
463647 
463596 
463785 
464112 
464096 
464048 
464108 
464310 
464396 
464760 
464762 
464892 
464955 
465127 
465228 
465345 
465626 
465755 
465803 
465793 
465791 
465592 
465767 
465601 
465374 
465021 
464879 
464890 
464523 
464261 
464151 
464314 
464308 
464216 
463975 
463827 
463941 
463912 
463850 
463997 
463719 
464082 
464138 
464043 
464238 
464090 
464129 
464229 
464159 
464297 
464536 
464411 
464540 
464650 
464538 
464858 
464946 
465142 
465272 
465423 
465518 
465679 
465717 
465922 
465933 
466119 
466168 
466185 
466259 
466460 
466699 
466840 
466788 
467076 
467418 
467380 
467403 
467731 
467947 
467998 
468155 
468132 
468143 
468445 
468779 
469037 
469065 
469084 
469266 
469156 
469079 
469190 
468951 
468868 
468889 
468902 
468710 
468476 
468362 
468104 
468267 
468140 
468246 
468343 
468288 
468324 
468201 
468224 
468149 
468316 
468311 
468286 
468273 
468354 
468508 
468495 
468413 
468437 
468462 
468638 
468891 
468806 
468749 
468699 
468947 
469073 
469177 
469096 
469459 
469342 
469542 
469625 
469802 
470039 
469890 
470169 
470116 
470176 
470333 
470276 
470453 
470290 
470604 
470648 
470788 
471109 
471048 
471323 
471331 
471485 
471427 
471619 
471715 
471880 
472106 
472324 
472411 
472426 
472387 
472468 
472504 
472387 
472208 
472085 
472019 
471880 
471892 
471812 
471645 
471645 
471596 
471564 
471573 
471526 
471507 
471391 
471553 
471797 
471702 
471515 
471668 
471643 
471841 
471698 
471660 
471756 
471748 
471689 
471702 
471903 
472155 
472089 
472007 
472021 
472046 
472080 
472377 
472292 
472218 
472206 
472525 
472413 
472528 
472758 
472805 
472901 
473014 
472938 
473091 
473109 
473340 
473200 
473603 
473641 
473628 
473522 
473808 
473822 
473865 
473983 
473951 
474106 
473861 
474146 
474172 
473827 
473839 
473873 
473733 
473657 
473558 
473368 
473462 
473484 
473443 
473213 
473366 
473366 
473403 
473177 
473281 
473378 
473511 
473340 
473392 
473501 
473564 
473537 
473357 
473545 
473592 
473543 
473691 
473827 
473684 
473962 
473842 
473882 
473924 
473981 
474153 
474254 
474189 
474424 
474220 
474400 
474565 
474637 
474751 
475010 
474902 
475145 
475113 
475260 
475285 
475230 
475488 
475539 
475556 
475568 
475708 
475617 
475845 
476021 
476055 
476180 
476307 
476252 
476120 
476169 
475818 
475736 
475727 
475469 
475399 
475420 
475241 
475200 
475251 
475037 
474999 
474870 
474631 
474665 
474692 
474751 
474739 
474663 
474571 
474622 
474695 
474637 
474656 
474834 
474800 
474529 
474753 
474722 
474695 
474876 
474912 
474759 
474895 
474921 
475241 
475115 
475088 
475041 
474917 
475105 
475207 
475371 
475392 
475473 
475680 
475791 
475746 
476002 
476064 
476064 
476146 
476165 
476328 
476423 
476433 
476552 
476455 
476640 
476917 
476948 
477113 
477096 
477297 
477508 
477376 
477456 
477297 
477422 
477483 
477335 
477246 
476986 
476845 
476751 
476373 
476311 
476267 
476028 
476085 
475962 
475900 
475725 
475860 
475970 
475877 
475962 
475930 
475687 
475778 
475670 
475593 
475797 
475663 
475566 
475568 
475578 
475770 
475648 
475814 
475744 
475704 
475851 
475774 
475733 
475812 
475947 
475856 
475750 
476028 
475996 
476137 
476152 
476152 
476273 
476324 
476576 
476504 
476499 
476704 
476580 
476791 
476853 
476762 
477047 
476967 
477183 
477206 
477286 
477525 
477467 
477653 
477685 
477849 
477879 
477811 
477954 
478040 
477994 
477841 
477742 
477702 
477717 
477454 
477003 
476992 
476962 
476794 
476777 
476675 
476482 
476446 
476222 
476438 
476360 
476237 
476393 
476222 
476273 
476184 
476124 
476122 
476040 
476049 
476081 
475975 
476079 
476143 
475958 
476047 
475992 
475968 
475996 
475953 
476184 
476114 
476218 
476133 
476175 
476354 
476410 
476533 
476580 
476419 
476484 
476595 
476738 
476572 
476728 
476723 
476815 
476965 
476931 
477081 
477314 
477246 
477395 
477401 
477331 
477494 
477414 
477729 
477786 
477792 
477742 
477613 
477725 
477591 
477427 
477318 
477111 
476986 
476770 
476635 
476427 
476190 
476129 
476201 
476137 
476000 
475949 
476108 
475970 
475757 
475689 
475772 
475729 
475585 
475883 
475716 
475898 
475896 
475791 
475934 
475755 
475770 
475851 
476057 
475981 
476139 
476062 
475975 
476248 
476262 
476301 
476404 
476290 
476387 
476463 
476618 
476755 
476923 
477060 
477274 
477181 
477320 
477519 
477442 
477602 
477581 
477852 
477922 
477907 
477951 
478182 
478423 
478246 
478605 
478476 
478688 
478681 
478719 
478553 
478423 
478241 
478271 
478190 
477928 
477769 
477456 
477487 
477408 
477403 
477173 
477190 
477135 
477188 
477013 
477143 
477183 
477022 
477196 
477141 
477166 
477054 
476994 
477033 
477022 
477011 
476836 
476887 
476785 
476798 
477192 
477071 
476962 
477214 
477331 
477276 
477388 
477257 
477525 
477469 
477579 
477839 
477877 
477941 
477968 
477915 
478108 
478218 
478330 
478553 
478615 
478592 
478830 
478719 
478873 
478916 
479031 
479176 
479221 
479314 
479458 
479481 
479720 
479714 
479934 
479871 
480050 
479899 
479651 
479388 
479419 
479265 
479227 
479020 
478705 
478592 
478739 
478349 
478364 
478254 
478298 
478227 
478429 
478212 
478061 
478142 
478214 
478267 
478214 
478186 
478332 
478184 
478184 
478144 
478304 
478468 
478197 
478317 
478205 
478344 
478502 
478425 
478546 
478617 
478573 
478675 
478758 
478844 
478859 
478933 
479121 
479206 
479153 
479363 
479392 
479530 
479609 
479661 
479741 
479976 
480176 
479875 
480203 
480440 
480567 
480711 
480869 
480684 
480707 
480791 
480944 
480948 
481159 
481274 
481206 
481162 
481064 
480825 
480827 
480759 
480503 
480330 
480199 
480209 
480012 
479856 
479845 
479626 
479671 
479549 
479562 
479504 
479323 
479409 
479321 
479240 
479392 
479479 
479374 
479496 
479460 
479521 
479528 
479661 
479570 
479473 
479445 
479346 
479453 
479380 
479515 
479585 
479579 
479678 
479686 
479903 
480036 
479997 
479909 
479875 
480118 
480319 
480243 
480440 
480394 
480423 
480466 
480688 
480703 
481049 
481102 
480980 
481043 
481257 
481486 
481386 
481744 
481688 
481682 
481831 
481676 
481648 
481699 
481566 
481396 
481333 
481266 
480982 
480869 
480387 
480383 
480285 
480238 
480186 
479901 
479835 
479942 
479843 
479692 
479820 
479942 
479720 
479961 
479707 
479731 
479771 
479845 
479922 
479879 
479828 
479835 
479799 
479780 
479570 
479773 
479799 
479786 
479922 
479871 
480076 
480084 
480029 
480125 
480076 
480209 
480296 
480470 
480425 
480667 
480592 
480912 
480931 
480946 
481053 
480965 
481213 
481257 
481449 
481441 
481466 
481648 
481839 
481900 
482112 
482089 
482074 
482100 
482177 
482245 
482410 
482356 
482281 
482106 
482217 
481961 
481593 
481591 
481181 
480967 
480901 
480782 
480645 
480423 
480152 
479982 
479948 
479955 
479999 
479680 
479568 
479555 
479473 
479253 
479159 
478952 
478809 
478698 
478607 
478664 
478478 
478387 
478220 
478393 
478319 
478273 
478400 
478389 
478603 
478330 
478144 
478361 
478402 
478592 
478762 
478463 
478751 
478626 
478739 
478948 
479115 
479103 
479204 
479441 
479443 
479382 
479724 
479750 
479993 
480146 
480328 
480406 
480449 
480588 
480539 
480755 
480891 
480959 
480757 
481036 
480961 
480833 
480899 
480789 
480671 
480588 
480613 
480313 
480253 
480167 
480161 
480008 
480195 
480016 
480108 
480228 
480104 
480394 
480492 
480524 
480411 
480611 
480548 
480645 
480654 
480633 
480584 
480675 
480372 
480718 
480535 
480759 
480592 
480701 
480718 
480886 
480908 
480935 
480923 
481022 
481274 
481301 
481381 
481539 
481462 
481415 
481564 
481625 
481780 
481625 
481671 
481799 
481744 
481790 
481959 
482091 
481964 
481953 
482128 
482042 
482089 
481970 
481874 
481778 
481494 
481432 
481255 
481115 
481145 
480963 
480810 
480635 
480616 
480562 
480596 
480488 
480398 
480503 
480550 
480679 
480703 
480524 
480620 
480511 
480558 
480749 
480423 
480814 
480686 
480863 
480835 
480735 
480755 
480782 
480846 
481070 
481070 
481055 
481287 
481320 
481193 
481460 
481388 
481447 
481618 
481780 
481883 
482010 
482025 
482004 
482076 
482177 
482217 
482358 
482524 
482539 
482738 
482861 
482836 
482994 
483068 
483019 
483032 
482882 
482768 
482624 
482575 
482279 
481966 
481932 
481769 
481610 
481407 
481394 
481189 
481079 
481335 
481100 
480952 
481253 
481264 
481185 
481111 
481108 
481066 
481253 
481183 
481022 
481196 
481189 
481038 
480946 
481162 
481316 
481305 
481364 
481409 
481407 
481403 
481674 
481748 
481940 
481669 
481739 
481780 
482042 
482152 
482186 
482351 
482486 
482668 
482641 
482755 
482885 
482772 
482846 
483041 
482893 
483220 
483263 
483574 
483595 
483725 
483817 
483838 
483731 
483631 
483787 
483708 
483506 
483433 
483198 
483168 
483202 
482715 
482751 
482612 
482437 
482573 
482358 
482377 
482550 
482375 
482408 
482620 
482461 
482454 
482556 
482590 
482715 
482678 
482674 
482531 
482672 
482609 
482637 
482668 
482706 
482687 
482729 
482868 
483128 
483104 
483172 
483206 
483239 
483561 
483756 
483687 
483644 
483868 
484002 
484101 
484046 
484175 
484241 
484340 
484427 
484585 
484862 
485056 
485026 
485045 
485278 
485252 
485369 
485464 
485525 
485803 
485786 
485843 
485900 
485752 
485849 
485623 
485386 
485314 
485371 
485280 
485069 
484873 
484979 
484683 
484947 
484702 
484537 
484563 
484759 
484611 
484681 
484628 
484493 
484781 
484681 
484636 
484604 
484370 
484423 
484755 
484856 
484406 
484694 
484484 
484544 
484657 
484478 
484525 
484666 
484708 
484862 
484594 
484890 
484894 
485066 
485178 
485103 
485333 
485367 
485380 
485481 
485411 
485655 
485718 
485991 
485969 
485936 
486065 
486101 
486209 
486302 
486547 
486406 
486532 
486387 
486442 
486425 
486336 
486448 
486054 
486056 
485894 
485924 
485841 
485786 
485536 
485504 
485333 
485449 
485261 
485189 
485344 
485390 
485408 
485267 
485396 
485470 
485276 
485396 
485555 
485476 
485406 
485474 
485398 
485502 
485578 
485408 
485642 
485638 
485766 
485792 
485845 
486105 
486110 
486182 
486178 
486315 
486419 
486588 
486554 
486592 
486700 
486715 
486982 
487159 
487328 
487322 
487458 
487460 
487633 
487709 
487669 
487735 
487658 
487826 
487714 
487592 
487526 
487483 
487487 
487517 
487255 
487051 
486933 
486816 
486494 
486249 
485820 
485572 
485206 
484871 
484579 
484338 
483981 
483697 
483708 
483384 
483254 
483138 
482988 
482904 
482848 
482789 
482962 
482872 
483138 
483175 
483241 
483399 
483337 
483591 
483551 
483309 
483540 
483527 
483254 
483555 
483578 
483506 
483576 
483953 
483826 
483915 
484063 
484296 
484243 
484435 
484615 
484469 
484592 
484755 
484804 
484888 
485035 
485117 
485376 
485371 
485800 
485830 
485612 
485843 
485718 
485856 
486044 
486042 
485978 
485728 
485739 
485900 
485493 
485348 
485032 
484850 
484789 
484459 
484389 
484060 
483934 
483813 
483657 
483390 
483290 
482937 
482966 
483000 
482943 
482708 
482408 
482315 
482260 
481993 
481904 
481697 
481737 
481599 
481684 
481635 
481699 
481644 
481610 
481520 
481350 
481549 
481646 
481807 
481788 
481841 
481688 
481862 
481744 
482002 
482418 
482442 
482793 
482927 
483092 
483578 
483738 
483811 
483938 
484031 
484254 
484455 
484894 
484922 
485115 
485212 
485517 
485701 
485686 
485673 
485681 
485730 
485783 
485587 
485756 
485820 
485722 
485907 
485815 
485800 
485907 
486008 
486197 
486215 
486230 
486215 
486455 
486287 
486266 
486429 
486395 
486154 
486225 
486378 
486472 
486240 
486257 
486293 
486236 
486340 
486361 
486253 
486295 
486281 
486219 
486173 
486082 
486158 
486255 
486225 
486156 
486230 
486184 
486082 
486215 
486321 
486266 
486278 
486310 
486182 
486086 
486101 
485909 
485777 
485709 
485553 
485295 
485030 
484715 
484559 
484592 
484211 
484090 
484233 
484203 
483968 
484131 
483909 
483923 
483902 
483718 
483563 
483723 
483738 
483853 
483735 
483527 
483337 
483392 
483258 
483254 
483185 
483138 
483248 
483248 
483322 
483312 
483416 
483254 
483375 
483416 
483495 
483593 
483572 
483731 
483813 
483697 
483875 
484094 
484088 
484220 
484302 
484463 
484429 
484220 
484446 
484501 
484233 
484222 
484109 
484069 
483877 
483834 
483845 
483693 
483487 
483151 
483248 
483138 
483053 
483187 
483100 
483275 
483216 
483312 
483246 
483229 
483141 
483189 
483083 
483051 
483339 
483348 
483246 
483405 
483580 
483510 
483460 
483597 
483815 
483817 
483902 
483953 
483998 
484245 
484201 
484004 
484145 
484340 
484476 
484557 
484389 
484563 
484674 
484832 
485009 
484871 
484998 
484862 
484873 
484717 
484542 
484619 
484393 
484327 
484109 
484069 
484021 
483860 
483733 
483655 
483504 
483502 
483479 
483473 
483409 
483301 
483162 
483130 
483056 
483092 
483053 
483212 
483181 
483132 
483081 
482916 
483172 
483043 
483394 
483170 
483295 
483301 
483356 
483514 
483331 
483610 
483548 
483335 
483642 
483706 
483913 
483877 
484023 
484031 
484037 
484139 
484152 
484344 
484628 
484452 
484689 
484719 
484717 
484865 
484892 
484901 
484700 
484764 
484747 
484531 
484486 
484499 
484329 
484203 
484097 
483947 
483644 
483794 
483758 
483548 
483610 
483792 
483729 
483756 
483750 
483750 
483792 
483725 
483807 
483770 
483896 
483843 
483813 
483704 
483909 
483894 
483917 
483866 
484017 
483936 
484043 
484131 
484133 
484169 
484493 
484404 
484559 
484660 
484581 
484681 
484825 
484815 
484823 
484967 
484865 
485094 
484977 
485301 
485451 
485428 
485483 
485701 
485574 
485690 
485783 
485902 
486203 
486056 
486139 
486114 
486249 
486063 
485978 
485653 
485675 
485500 
485487 
485348 
485210 
484947 
484943 
484879 
484732 
484554 
484732 
484643 
484706 
484694 
484757 
484569 
484706 
484806 
484766 
484892 
484719 
484751 
484747 
484875 
484830 
484842 
484804 
484973 
484986 
485125 
485015 
485035 
485295 
485299 
485442 
485623 
485781 
485832 
485873 
485976 
485988 
486088 
486061 
486188 
486215 
486383 
486583 
486611 
486696 
486776 
486773 
487024 
487276 
487195 
487324 
487263 
487370 
487453 
487526 
487595 
487506 
487341 
487326 
487187 
487165 
487046 
486986 
486738 
486846 
486545 
486517 
486325 
486295 
486238 
486203 
486421 
486285 
486312 
486505 
486315 
486461 
486391 
486188 
486511 
486498 
486457 
486474 
486566 
486630 
486592 
486554 
486771 
486869 
486829 
487001 
487144 
487159 
487229 
487356 
487500 
487641 
487667 
487658 
487782 
487882 
487970 
488048 
488046 
488300 
488332 
488416 
488622 
488914 
488797 
488829 
488989 
489142 
489157 
489360 
489379 
489354 
489705 
489827 
489878 
489851 
489785 
489735 
489876 
489766 
489627 
489381 
489318 
489284 
489121 
489102 
488953 
488620 
488772 
488656 
488652 
488778 
488827 
488916 
488763 
488746 
488782 
488660 
488704 
488825 
488577 
488820 
488865 
488905 
488964 
489070 
488962 
489243 
489235 
489059 
489096 
489119 
489322 
489260 
489292 
489495 
489768 
489667 
489776 
489737 
489851 
490079 
490177 
490363 
490348 
490429 
490687 
490625 
490744 
490810 
490881 
490907 
491224 
491173 
491390 
491478 
491580 
491463 
491648 
491743 
491843 
492037 
491915 
492086 
492107 
491887 
491958 
491679 
491813 
491809 
491369 
491421 
491301 
491098 
490962 
490844 
491053 
490827 
490883 
490731 
490909 
490983 
491127 
490917 
490905 
491188 
490928 
491015 
490791 
490881 
491004 
491072 
491094 
491015 
491043 
491135 
491127 
491239 
491386 
491241 
491412 
491307 
491504 
491614 
491644 
491751 
491775 
492001 
492082 
492028 
492111 
492278 
492310 
492425 
492452 
492822 
492924 
493059 
493057 
493276 
493074 
493288 
493290 
493413 
493732 
493632 
493807 
493836 
494130 
494206 
494255 
494253 
494151 
494314 
494221 
494227 
494022 
494027 
493845 
493777 
493861 
493681 
493466 
493506 
493487 
493157 
493246 
493284 
493091 
493336 
493244 
493237 
493415 
493357 
493357 
493330 
493415 
493430 
493383 
493440 
493512 
493652 
493662 
493588 
493542 
493686 
493700 
493758 
494018 
494107 
494037 
494031 
494261 
494306 
494609 
494686 
494824 
494684 
494829 
495078 
495042 
495313 
495392 
495317 
495537 
495707 
495812 
495895 
495929 
496068 
496136 
496262 
496320 
496642 
496640 
496757 
496848 
497032 
496921 
497089 
497013 
497147 
496972 
496691 
496712 
496703 
496304 
496348 
495887 
495770 
495684 
495537 
495616 
495438 
495419 
495155 
495034 
494957 
495021 
495061 
494974 
494945 
494974 
494903 
494939 
494843 
494769 
494935 
494686 
494528 
494716 
494583 
494471 
494594 
494602 
494579 
494592 
494522 
494456 
494805 
494875 
494775 
494592 
494670 
494941 
494899 
494761 
494880 
494989 
495019 
495012 
495029 
495398 
495258 
495061 
495210 
495243 
495199 
495155 
495091 
495089 
494953 
495000 
495040 
495063 
494795 
494769 
494653 
494451 
494471 
493959 
493779 
493517 
493273 
493020 
492988 
492854 
492623 
492488 
492355 
492534 
492442 
492583 
492488 
492397 
492382 
492323 
492450 
492304 
492246 
492233 
492184 
492538 
492265 
492412 
492591 
492551 
492615 
492655 
492634 
492706 
492761 
492805 
492792 
492960 
493135 
493069 
493127 
493355 
493199 
493649 
493783 
493743 
493933 
494039 
493730 
494010 
494308 
494166 
494314 
494276 
494477 
494598 
494594 
494534 
495038 
494797 
494763 
495029 
495029 
494935 
495017 
495063 
494699 
494532 
494409 
494327 
494208 
493888 
493764 
493690 
493536 
493148 
493169 
493231 
493140 
493000 
492956 
492986 
492920 
492869 
492765 
492928 
492777 
492835 
492723 
492905 
492526 
492589 
492598 
492734 
492809 
492742 
492689 
492642 
492666 
492742 
492713 
492736 
492879 
492835 
492918 
492954 
493009 
493080 
493203 
493220 
493174 
493148 
493366 
493362 
493451 
493532 
493683 
493728 
493891 
493865 
494022 
493976 
494238 
494268 
494170 
494012 
493929 
493836 
493819 
493592 
493542 
493527 
493210 
493015 
492765 
492847 
492784 
492391 
492348 
492287 
492284 
492348 
492263 
492363 
492225 
492223 
492289 
492374 
492126 
492150 
492065 
492099 
492065 
492139 
491999 
492154 
492107 
492094 
491990 
492162 
492084 
492215 
492380 
492384 
492435 
492564 
492725 
492572 
492557 
492545 
492790 
492873 
493091 
493000 
493095 
493159 
493256 
493227 
493330 
493227 
493666 
493432 
493683 
493495 
493372 
493357 
493210 
492867 
492765 
492579 
492500 
492229 
492007 
491940 
492031 
491928 
491804 
491661 
491659 
491635 
491495 
491485 
491661 
491608 
491400 
491485 
491570 
491683 
491644 
491665 
491777 
491652 
491574 
491704 
491741 
491828 
491775 
491952 
491642 
491724 
491904 
492175 
492186 
492054 
492372 
492342 
492201 
492359 
492465 
492386 
492504 
492792 
492858 
493011 
493063 
493299 
493093 
493248 
493455 
493611 
493406 
493491 
493451 
493574 
493666 
493402 
493413 
493271 
493199 
493030 
492732 
492689 
492486 
492158 
492005 
491930 
491932 
491809 
491650 
491468 
491550 
491536 
491485 
491491 
491474 
491516 
491516 
491429 
491487 
491324 
491375 
491396 
491414 
491510 
491367 
491421 
491280 
491715 
491502 
491402 
491531 
491730 
491707 
491669 
492024 
492054 
492150 
492126 
492471 
492361 
492534 
492589 
492773 
492879 
492966 
492926 
493197 
493447 
493598 
493798 
493839 
494181 
494225 
494103 
494291 
494385 
494641 
494411 
494695 
494560 
494615 
494295 
494181 
494048 
494041 
493863 
493660 
493396 
493278 
493161 
493007 
493032 
493103 
492932 
492845 
492869 
492850 
492888 
492903 
492941 
492884 
492960 
492954 
493140 
493288 
493481 
493455 
493598 
493730 
493815 
493973 
494174 
494183 
494411 
494342 
494515 
494617 
494634 
494890 
494901 
495110 
495247 
495512 
495440 
495724 
495863 
495908 
495961 
496100 
496140 
496189 
496433 
496518 
496462 
496259 
496174 
496115 
495893 
495739 
495526 
495360 
495230 
494897 
494524 
494232 
493937 
493508 
493086 
492696 
492363 
492011 
491584 
491599 
491429 
491516 
491802 
491986 
492207 
492498 
492604 
492813 
492771 
492118 
491246 
490010 
488217 
486395 
484399 
482373 
480313 
477998 
476112 
474076 
472182 
470512 
468898 
467386 
465878 
464502 
463239 
461998 
460977 
459806 
458865 
457925 
456875 
455992 
455005 
454209 
453216 
452484 
451492 
450702 
449921 
449218 
448327 
447642 
447126 
446488 
445919 
445356 
445036 
444281 
443890 
443604 
443020 
442519 
441964 
441406 
441054 
440521 
440220 
439583 
439009 
438806 
438938 
439551 
440216 
441050 
441775 
442485 
443373 
443856 
443671 
444353 
444522 
443792 
442922 
441932 
440768 
439772 
438976 
438298 
437636 
437304 
437104 
436965 
436735 
436268 
436061 
436012 
435983 
436010 
435739 
435922 
435958 
436027 
436127 
435969 
435965 
435937 
436049 
436172 
435948 
436127 
436134 
436375 
436492 
436804 
436775 
437107 
437365 
437655 
437820 
437928 
437951 
438047 
438339 
438424 
438413 
438484 
438542 
438902 
439960 
441020 
441670 
442212 
442840 
443697 
444931 
446317 
447977 
449701 
451240 
453254 
455555 
458170 
461062 
463992 
466830 
469676 
472250 
475168 
477540 
479970 
481949 
483202 
484235 
485001 
485146 
485240 
485327 
485155 
485284 
485299 
485617 
485705 
485608 
485760 
485917 
486067 
486666 
487034 
487381 
487841 
488391 
488970 
489686 
490429 
491092 
491751 
492504 
493208 
493342 
494149 
494382 
494873 
495230 
495586 
496049 
496535 
496872 
497098 
497482 
497459 
497736 
497734 
497880 
498060 
498022 
498168 
498187 
498183 
498156 
497878 
497394 
497476 
497190 
496940 
496872 
496718 
496409 
496170 
495918 
495556 
495330 
495021 
494987 
494682 
494468 
494153 
494130 
494020 
493677 
493504 
493440 
493218 
492779 
492672 
492442 
492365 
492099 
491980 
491971 
491900 
491798 
491425 
491133 
491036 
490804 
490533 
490333 
490270 
490098 
489823 
489808 
489770 
489729 
489629 
489686 
489676 
489633 
489671 
489813 
489944 
490041 
490105 
490069 
490245 
490283 
490371 
490710 
490490 
490729 
490543 
490625 
490689 
490661 
490636 
490632 
490509 
490552 
490312 
490393 
490077 
490103 
489974 
489644 
489693 
489690 
489563 
489510 
489608 
489516 
489241 
489241 
489164 
489093 
488922 
488983 
488786 
488704 
488693 
488528 
488609 
488353 
488359 
487980 
487724 
487513 
487534 
487265 
487140 
487187 
486778 
486429 
486319 
486270 
485807 
485557 
485350 
485189 
485150 
484882 
484689 
484565 
484457 
484344 
483898 
483847 
483578 
483373 
483363 
483224 
483015 
483100 
482846 
482582 
482486 
482454 
482399 
482294 
482128 
482040 
481889 
481944 
481807 
481915 
481822 
481578 
481601 
481716 
481566 
481475 
481299 
481477 
481259 
481217 
481179 
481196 
481138 
480799 
480770 
480778 
480759 
480831 
480679 
480605 
480622 
480639 
480667 
480603 
480270 
480172 
479907 
479803 
479619 
479568 
479276 
479153 
478924 
478643 
478400 
478423 
478054 
477903 
477693 
477896 
477361 
477274 
477371 
477054 
476950 
476779 
476499 
476489 
476576 
476448 
476116 
476017 
476040 
475919 
475742 
475706 
475329 
475358 
475264 
475134 
475113 
475037 
474978 
474861 
474800 
474741 
474859 
474934 
474866 
474789 
474731 
474735 
474661 
474766 
474468 
474597 
474505 
474529 
474593 
474451 
474447 
474241 
474205 
474296 
474243 
474144 
474193 
474142 
474132 
474004 
474119 
474189 
473998 
473918 
473697 
473577 
473437 
473298 
473130 
473033 
472940 
472786 
472771 
472577 
472341 
472116 
471867 
471721 
471829 
471926 
471748 
471711 
471376 
471338 
471408 
471280 
471192 
470919 
470907 
470751 
470705 
470705 
470417 
470419 
470375 
470341 
470161 
470254 
470222 
470100 
470146 
470043 
469935 
469806 
469835 
469772 
469810 
469651 
469877 
469602 
469418 
469435 
469581 
469474 
469516 
469342 
469546 
469418 
469399 
469361 
469299 
469205 
469188 
469181 
469348 
469363 
469382 
469564 
469615 
469542 
469596 
469461 
469363 
469218 
469150 
469033 
468891 
468729 
468625 
468504 
468405 
468269 
468339 
468212 
468343 
468447 
468557 
468435 
468565 
468548 
468606 
468798 
468794 
468699 
468828 
469079 
469331 
469636 
469998 
470430 
471099 
471726 
472336 
473266 
474279 
474974 
475936 
476557 
477297 
477619 
477837 
478244 
478726 
478963 
479485 
479835 
480106 
480319 
480596 
480654 
480726 
480844 
480743 
480603 
480645 
480925 
481136 
481278 
481251 
481507 
481708 
482177 
482330 
482853 
483403 
484073 
484852 
485335 
485413 
485337 
484956 
484393 
483629 
483239 
482603 
482343 
481993 
481454 
480884 
480279 
479911 
479380 
478696 
478052 
477403 
476984 
477200 
477951 
479513 
482405 
486293 
491741 
496518 
501135 
504492 
506849 
508519 
509670 
510392 
510590 
510319 
509389 
507666 
506397 
505698 
504618 
504066 
503605 
503467 
503958 
504245 
504354 
505420 
508248 
512269 
515748 
517778 
519290 
520838 
521802 
522101 
521519 
520702 
519618 
518336 
517966 
517991 
518505 
519422 
519864 
520981 
523724 
527599 
529747 
530534 
529269 
528160 
527171 
525477 
523906 
521485 
518239 
515075 
514670 
515151 
515881 
516319 
516840 
517915 
517746 
517064 
516827 
516427 
516257 
515681 
515069 
514673 
514288 
513994 
514150 
514346 
514880 
515909 
516698 
516741 
515685 
514086 
513185 
512785 
512986 
513414 
513549 
513359 
513177 
514028 
514442 
510810 
504473 
498663 
494744 
492647 
491877 
490646 
490245 
489303 
488757 
488416 
487931 
487487 
487140 
486755 
486429 
485875 
485510 
485210 
484550 
484294 
483934 
483435 
483244 
482664 
482334 
481913 
481362 
481074 
480586 
480219 
479538 
479065 
478506 
478000 
477030 
476106 
475471 
475149 
474870 
474537 
474405 
474400 
474497 
474328 
474057 
473791 
473615 
473477 
473213 
472805 
472517 
472432 
472387 
472404 
472296 
472267 
472231 
472387 
472515 
473149 
473643 
473780 
474030 
474426 
475119 
476186 
476967 
477634 
478125 
478267 
478664 
479204 
479752 
480620 
481234 
482152 
482698 
482646 
482971 
483422 
483495 
481970 
479282 
476224 
473708 
471609 
470225 
469461 
469188 
469412 
469608 
469823 
470140 
470022 
470225 
470144 
470140 
470020 
470056 
469941 
469969 
470005 
470312 
470402 
470585 
470692 
470557 
470715 
470779 
470779 
470904 
470950 
471092 
471270 
472233 
471805 
471374 
471314 
471029 
470781 
470521 
470483 
470707 
470631 
470658 
470383 
470438 
470483 
470406 
470361 
470461 
470502 
470436 
470464 
470489 
470329 
470205 
470013 
470060 
469740 
469655 
469529 
469459 
469382 
469169 
469162 
468896 
468661 
468316 
467916 
467714 
467294 
467109 
466797 
466464 
466381 
466062 
465931 
465518 
465381 
465110 
464881 
464929 
464650 
464604 
464570 
464455 
464165 
464159 
464176 
463789 
463783 
463643 
463519 
463412 
463199 
463061 
462735 
462693 
462760 
462564 
462410 
462143 
462015 
462001 
462003 
461595 
461544 
461495 
461467 
461374 
461111 
461097 
460862 
461015 
460814 
460729 
460431 
460484 
460394 
460365 
460286 
460030 
460083 
459904 
459776 
459535 
459546 
459174 
459330 
459142 
458944 
458684 
458571 
458430 
457980 
457863 
457620 
457343 
457231 
457023 
456814 
456647 
456470 
456382 
456380 
456236 
456234 
456197 
456133 
455939 
455707 
455713 
455625 
455400 
455358 
455316 
455165 
455275 
455024 
454845 
454732 
454818 
454770 
454553 
454723 
454547 
454429 
454439 
454357 
454256 
454478 
454327 
454251 
454282 
454306 
453995 
454030 
453978 
454047 
453851 
453921 
453923 
453955 
453710 
453740 
453796 
453893 
453983 
453859 
453542 
453646 
453589 
453322 
453284 
453072 
453064 
452932 
452977 
452674 
452369 
452336 
452347 
452321 
452057 
451972 
451805 
451688 
451629 
451559 
451390 
451383 
451511 
451453 
451402 
451193 
451477 
451379 
451202 
451281 
451106 
451102 
450973 
451017 
450833 
450810 
450677 
450852 
450846 
450592 
450637 
450748 
450632 
450630 
450668 
450709 
450634 
450600 
450594 
450505 
450456 
450456 
450376 
450323 
450338 
450221 
450462 
450503 
450651 
450486 
450370 
450577 
450637 
450681 
450592 
450475 
450494 
450573 
450438 
450707 
450660 
450737 
450503 
450583 
450651 
450547 
450654 
450594 
450381 
450477 
450334 
450259 
450217 
449923 
449927 
449728 
449792 
449610 
449813 
449955 
449995 
449686 
449637 
449579 
449555 
449432 
449627 
449610 
449513 
449483 
449566 
449519 
449669 
449481 
449517 
449511 
449451 
449453 
449600 
449506 
449455 
449430 
449377 
449121 
449368 
449208 
449340 
449372 
449381 
449574 
449627 
449677 
449860 
449948 
449959 
449896 
449935 
450059 
449927 
450006 
449989 
450006 
450012 
450095 
450187 
450242 
449942 
450127 
450127 
450161 
450093 
450150 
450285 
450429 
450408 
450429 
450594 
450462 
450469 
450289 
450196 
450118 
450101 
449957 
449900 
450012 
449963 
450061 
450402 
450515 
450603 
450852 
450914 
450856 
450922 
450805 
450969 
450939 
451375 
451121 
451259 
451189 
451100 
451161 
451690 
452224 
452328 
452488 
452613 
452812 
452616 
452503 
452236 
451876 
451559 
451095 
451055 
450835 
450338 
449583 
449075 
448766 
447970 
447295 
446789 
447145 
447734 
448427 
448996 
450014 
450729 
451195 
451360 
451701 
452002 
452287 
452733 
452889 
452943 
453341 
453379 
453787 
453726 
453608 
453495 
453339 
453250 
453218 
453089 
452731 
452653 
452384 
452173 
452145 
451825 
452072 
451970 
452234 
452412 
452620 
452838 
453201 
453695 
454268 
454770 
455508 
456653 
457635 
458381 
459125 
459705 
460371 
461239 
462020 
462530 
462911 
463116 
463495 
463787 
464176 
464426 
465099 
465763 
466686 
467401 
467941 
468252 
468314 
469433 
470648 
472093 
473336 
474083 
475202 
476104 
477028 
478031 
478956 
479972 
480628 
481608 
482188 
482268 
482211 
482196 
481746 
481618 
481413 
480681 
480918 
481883 
484126 
486666 
489119 
491900 
494818 
497675 
500421 
503264 
506109 
509056 
511968 
514838 
517441 
520017 
522789 
525081 
527751 
529862 
531908 
533729 
535618 
536917 
538500 
539944 
541714 
543537 
545611 
547672 
549553 
551604 
553236 
554738 
556101 
556990 
557760 
558035 
558585 
559086 
559890 
561472 
563004 
564714 
566566 
568483 
570196 
571525 
572924 
574060 
575040 
576007 
577006 
577725 
578218 
579192 
580388 
581905 
583008 
584731 
586194 
587286 
588184 
588804 
589182 
589382 
589483 
589449 
589073 
587786 
586514 
585682 
586768 
587943 
589050 
588694 
587028 
585111 
583820 
583481 
583714 
584108 
584590 
585279 
585718 
587081 
588499 
589494 
590749 
590931 
593761 
599254 
607955 
621871 
639072 
656752 
670903 
680599 
682896 
682557 
677453 
673929 
673371 
671993 
668052 
660717 
649639 
634717 
618203 
603229 
592977 
588965 
588670 
589651 
590835 
592266 
593516 
593714 
592541 
590567 
588527 
587092 
586425 
570354 
550806 
632474 
766381 
863163 
924332 
988745 
1050699 
1097297 
1085283 
1061805 
1052715 
1042298 
1022584 
988455 
931703 
841942 
739181 
654606 
600463 
567263 
537861 
519716 
510481 
505550 
500011 
489381 
480923 
473370 
465465 
457652 
450383 
444072 
439555 
436407 
434485 
433779 
433899 
434841 
436373 
437808 
439092 
440747 
441809 
443033 
444360 
445191 
446774 
448235 
449534 
450590 
450967 
450946 
450630 
450477 
450573 
450355 
450347 
450423 
450558 
451013 
451332 
451861 
452590 
453504 
454939 
457984 
463188 
470098 
476540 
481769 
484979 
485800 
485583 
485515 
485026 
484302 
482859 
480991 
479265 
477617 
476199 
474883 
473759 
473115 
472421 
471894 
471346 
471186 
470817 
470352 
469907 
469702 
469645 
469862 
469973 
470090 
470295 
470658 
471344 
471346 
471513 
472017 
472055 
472161 
472191 
471918 
472140 
472007 
472068 
472167 
472172 
472240 
472338 
472163 
472332 
472491 
472762 
473240 
473718 
473727 
474264 
474622 
475022 
475693 
476201 
476962 
477700 
479123 
489582 
541418 
626920 
570507 
660273 
421294 
246477 
143623 
84844 
51545 
32789 
22127 
16072 
12188 
10019 
8718 
8140 
8067 
8224 
8262 
8859 
8787 
8592 
8520 
8957 
8711 
8810 
8159 
8389 
8264 
8400 
8428 
8784 
8804 
8662 
8260 
8234 
8404 
8152 
8535 
8264 
8616 
8275 
7598 
7312 
7327 
7238 
6611 
7251 
7458 
8140 
9309 
11911 
20005 
50984 
223143 
409646 
582468 
725219 
828534 
895271 
921148 
886162 
856846 
816111 
735220 
683148 
483881 
302711 
186017 
117728 
78721 
56530 
43991 
36538 
32546 
30157 
29040 
28144 
27626 
26721 
26151 
25362 
24938 
23999 
23404 
22882 
22127 
21103 
20128 
18791 
17720 
16469 
15187 
14856 
14596 
14131 
14065 
13434 
13329 
13389 
13210 
12715 
12630 
12293 
12250 
12304 
12094 
12289 
12525 
12421 
12359 
12199 
12406 
12444 
12190 
12410 
12194 
12014 
12058 
11881 
11667 
11576 
182438 
261170 
309007 
339123 
358712 
370746 
376387 
377317 
377904 
378136 
379036 
380226 
381081 
381722 
381790 
380598 
379491 
379128 
379028 
380661 
461345 
513683 
550262 
579312 
603597 
622085 
635076 
639070 
631913 
617520 
604862 
598001 
597779 
599525 
599189 
595265 
590334 
588444 
589676 
591898 
595011 
599531 
603745 
606323 
609884 
618743 
635914 
667075 
711275 
758039 
822268 
983848 
1369079 
2026786 
2096921 
2096921 
2096921 
2096921 
2096921 
2096921 
2096921 
2096921 
2096921 
2096921 
2096921 
2096921 
2096921 
2096921 
2096921 
2096921 
2096921 
2096921 
2096921 
2096921 
2096921 
2096921 
2096921 
2096921 
2096921 
2096921 
2096921 
2096921 
2096921 
2096921 
2096921 
2096921 
2096921 
2096921 
2096921 
2096921 
2096921 
2096921 
2096921 
2096921 
2096921 
2096921 
2096921 
2096921 
2096921 
2096921 
2096921 
2096921 
2096921 
2096921 
2096921 
2096921 
2096921 
2096921 
2096921 
2096921 
2096921 
2096921 
2096921 
2096921 
2096921 
2096921 
2096921 
2096921 
2096921 
2096921 
2096921 
2096921 
2096921 
2096921 
2096921 
2096921 
2096921 
2096921 
2096921 
2096921 
2096921 
2096921 
2096921 
2096921 
2096921 
2096921 
2096921 
2096921 
2096921 
2096921 
2096921 
2096921 
2096921 
2096921 
2096921 
2096921 
2096921 
2096921 
2096921 
2096921 
2096921 
2096921 
2096921 
2096921 
2096921 
2096921 
2096921 
