1245 
1478 
1526 
1517 
1535 
1563 
1556 
1540 
1514 
1499 
1499 
1480 
1420 
1376 
1377 
1344 
1376 
1350 
1100 
1218 
1497 
1583 
1592 
1454 
1445 
1356 
1320 
1333 
1368 
1283 
1190 
1136 
1165 
1242 
1281 
1185 
1024 
845 
731 
730 
743 
740 
760 
713 
633 
570 
621 
520 
531 
346 
193 
213 
163 
129 
90 
100 
-93 
-254 
-171 
186 
-367 
76 
77 
-64 
-86 
19 
-516 
264 
-234 
-181 
-55 
-192 
-338 
-229 
-253 
-327 
-380 
-453 
-514 
-552 
-589 
-606 
-682 
-617 
-679 
-504 
-414 
-162 
-295 
-365 
-401 
-405 
-419 
-428 
-461 
-512 
-672 
-712 
-716 
-688 
-730 
-716 
-759 
-859 
-1070 
-1379 
-1483 
-1544 
-1548 
-1539 
-1472 
-1410 
-1353 
-1381 
-1430 
-1414 
-1337 
-1281 
-1301 
-1348 
-1445 
-1631 
-1801 
-1763 
-1604 
-1455 
-1487 
-1500 
-1467 
-1436 
-1390 
-1338 
-1306 
-1275 
-1192 
-1327 
-1435 
-1530 
-1515 
-1487 
-1484 
-1471 
-1550 
-1620 
-1696 
-1857 
-1986 
-2044 
-1980 
-1926 
-2092 
-2163 
-2136 
-2088 
-2089 
-2054 
-2025 
-2019 
-2062 
-2090 
-2154 
-2183 
-2152 
-2158 
-2075 
-2135 
-2306 
-2483 
-2571 
-2600 
-2447 
-2326 
-2253 
-2173 
-2343 
-2408 
-2160 
-1399 
-1195 
-1721 
-2023 
-1881 
-1594 
-1310 
-1359 
-1526 
-1586 
-1663 
-1708 
-1665 
-1695 
-1759 
-1714 
-1885 
-2018 
-2216 
-2348 
-2435 
-2537 
-2436 
-2422 
-2459 
-2578 
-2486 
-2409 
-2447 
-2398 
-2345 
-2350 
-2286 
-2245 
-2211 
-2146 
-2167 
-2185 
-2236 
-2259 
-2220 
-2165 
-2141 
-2066 
-1940 
-1754 
-1625 
-1612 
-1688 
-1682 
-1566 
-1411 
-1409 
-1540 
-1618 
-1533 
-1362 
-1308 
-1412 
-1705 
-1953 
-2076 
-2183 
-2085 
-1885 
-1759 
-1770 
-2121 
-2075 
-1926 
-1507 
-1358 
-735 
-63 
204 
328 
259 
99 
116 
167 
152 
28 
-411 
-795 
-852 
-584 
-705 
-1088 
-1510 
-1792 
-1775 
-1543 
-1178 
-913 
-927 
-1219 
-1045 
-896 
-828 
-939 
-1142 
-1280 
-1298 
-1174 
-1179 
-1122 
-1110 
-1136 
-1080 
-968 
-949 
-989 
-996 
-960 
-841 
-781 
-730 
-768 
-803 
-835 
-813 
-848 
-796 
-757 
-801 
-865 
-853 
-785 
-664 
-723 
-676 
-618 
-569 
-602 
-627 
-650 
-597 
-437 
-349 
-302 
-318 
-216 
-62 
42 
68 
82 
160 
234 
195 
201 
276 
402 
447 
389 
362 
414 
396 
312 
202 
165 
309 
522 
547 
255 
-181 
-644 
-904 
-1098 
-1244 
-1304 
-1332 
-1381 
-1498 
-1460 
-1363 
-1324 
-1406 
-1485 
-1451 
-1374 
-1318 
-1262 
-1228 
-1096 
-1164 
-1131 
-863 
-676 
-463 
-294 
41 
323 
489 
595 
640 
649 
429 
265 
214 
387 
656 
802 
1083 
1287 
1549 
1687 
1787 
1908 
2188 
2362 
2419 
2409 
2292 
2207 
1978 
1626 
1525 
1337 
1046 
1049 
634 
496 
405 
394 
265 
230 
301 
374 
434 
560 
702 
746 
761 
654 
488 
513 
665 
782 
815 
906 
949 
903 
845 
876 
977 
978 
1006 
1070 
1107 
1186 
1240 
1276 
1302 
1307 
1228 
1177 
1233 
1258 
1336 
1466 
1619 
1694 
1703 
1734 
1817 
1924 
1933 
1961 
2002 
2067 
2014 
1979 
1958 
1980 
1973 
1926 
1920 
1740 
1688 
1729 
1875 
2020 
2084 
2071 
1856 
1675 
1550 
1515 
1537 
1536 
1557 
1669 
1543 
1453 
1315 
1319 
1376 
1149 
921 
739 
553 
296 
7 
-172 
-208 
-158 
-85 
-12 
126 
230 
315 
399 
625 
822 
983 
1196 
1335 
1328 
1352 
1338 
1706 
1219 
2675 
1665 
1722 
1667 
1807 
1754 
1667 
1685 
1719 
1704 
1647 
1596 
1589 
1580 
1589 
1521 
1404 
1490 
1463 
1346 
1329 
1296 
1298 
1314 
1191 
967 
789 
737 
301 
-389 
-780 
-737 
-362 
179 
668 
880 
1009 
1076 
1145 
1121 
1179 
1182 
1190 
1382 
1468 
1470 
1594 
1710 
1739 
1793 
1884 
1963 
2058 
2194 
2360 
2450 
2526 
2546 
2526 
2460 
2388 
2354 
2289 
2204 
2138 
2117 
2182 
2383 
2694 
2970 
3180 
3251 
3246 
3169 
3098 
3038 
2985 
2962 
2937 
2926 
2912 
2915 
2929 
2939 
2946 
2961 
2985 
2997 
3037 
3089 
3148 
3189 
3231 
3250 
3209 
3188 
3192 
3190 
3197 
3207 
3180 
3174 
3146 
3124 
3144 
3174 
3206 
3234 
3256 
3235 
3211 
3187 
3180 
3149 
3163 
3185 
3199 
3208 
3208 
3223 
3235 
3249 
3246 
3259 
3260 
3256 
3267 
3289 
3316 
3331 
3330 
3303 
3282 
3288 
3295 
3295 
3299 
3284 
3276 
3266 
3276 
3309 
3330 
3355 
3326 
3319 
3303 
3329 
3296 
3279 
3260 
3264 
3242 
3243 
3246 
3261 
3250 
3275 
3254 
3279 
3288 
3270 
3218 
3193 
3217 
3256 
3250 
3257 
3260 
3302 
3335 
3364 
3381 
3393 
3357 
3344 
3331 
3349 
3326 
3355 
3403 
3403 
3396 
3374 
3363 
3360 
3384 
3421 
3430 
3436 
3430 
3405 
3415 
3407 
3408 
3408 
3403 
3412 
3389 
3366 
3371 
3356 
3381 
3366 
3380 
3398 
3429 
3465 
3445 
3439 
3405 
3402 
3404 
3409 
3424 
3403 
3392 
3396 
3412 
3408 
3389 
3382 
3382 
3386 
3395 
3393 
3388 
3413 
3423 
3419 
3438 
3444 
3433 
3461 
3487 
3510 
3516 
3518 
3515 
3506 
3518 
3510 
3519 
3504 
3501 
3502 
3497 
3507 
3513 
3507 
3513 
3503 
3495 
3505 
3489 
3498 
3501 
3523 
3511 
3497 
3479 
3487 
3507 
3525 
3530 
3531 
3504 
3504 
3505 
3518 
3512 
3524 
3529 
3523 
3524 
3540 
3548 
3542 
3522 
3506 
3515 
3513 
3521 
3540 
3557 
3545 
3549 
3534 
3522 
3531 
3531 
3532 
3534 
3523 
3518 
3521 
3514 
3530 
3553 
3539 
3548 
3547 
3532 
3522 
3538 
3538 
3542 
3538 
3535 
3526 
3543 
3541 
3561 
3559 
3579 
3560 
3542 
3562 
3568 
3549 
3571 
3559 
3559 
3557 
3560 
3547 
3546 
3541 
3546 
3537 
3548 
3530 
3552 
3532 
3531 
3550 
3547 
3558 
3547 
3545 
3546 
3555 
3559 
3549 
3552 
3551 
3538 
3550 
3553 
3552 
3560 
3549 
3564 
3553 
3553 
3542 
3541 
3549 
3568 
3566 
3562 
3534 
3534 
3543 
3544 
3556 
3543 
3534 
3552 
3545 
3560 
3578 
3575 
3562 
3560 
3565 
3555 
3551 
3563 
3552 
3557 
3550 
3555 
3552 
3554 
3538 
3545 
3563 
3552 
3538 
3551 
3546 
3556 
3563 
3567 
3558 
3556 
3552 
3540 
3551 
3561 
3575 
3569 
3553 
3560 
3551 
3569 
3560 
3569 
3560 
3549 
3541 
3556 
3545 
3539 
3566 
3544 
3553 
3556 
3546 
3558 
3542 
3566 
3562 
3562 
3560 
3567 
3567 
3572 
3560 
3558 
3564 
3549 
3550 
3553 
3553 
3565 
3552 
3556 
3547 
3559 
3564 
3570 
3582 
3563 
3560 
3546 
3568 
3570 
3548 
3554 
3542 
3543 
3550 
3559 
3559 
3564 
3560 
3565 
3564 
3565 
3552 
3553 
3556 
3540 
3555 
3576 
3564 
3569 
3553 
3567 
3580 
3571 
3548 
3559 
3544 
3569 
3551 
3563 
3562 
3571 
3553 
3556 
3558 
3567 
3557 
3541 
3549 
3556 
3551 
3548 
3551 
3567 
3573 
3564 
3560 
3566 
3568 
3559 
3542 
3549 
3580 
3569 
3576 
3566 
3550 
3547 
3552 
3570 
3551 
3565 
3571 
3573 
3571 
3565 
3565 
3565 
3579 
3571 
3570 
3566 
3556 
3580 
3582 
3568 
3540 
3554 
3570 
3568 
3567 
3566 
3559 
3567 
3562 
3558 
3558 
3570 
3578 
3571 
3575 
3583 
3572 
3575 
3573 
3554 
3563 
3567 
3576 
3577 
3574 
3552 
3586 
3581 
3563 
3568 
3560 
3576 
3578 
3566 
3569 
3575 
3579 
3571 
3560 
3563 
3572 
3566 
3572 
3576 
3563 
3572 
3570 
3561 
3557 
3562 
3570 
3577 
3569 
3573 
3568 
3546 
3561 
3572 
3572 
3554 
3550 
3556 
3578 
3576 
3573 
3581 
3561 
3578 
3592 
3573 
3567 
3561 
3570 
3573 
3578 
3571 
3567 
3563 
3588 
3579 
3564 
3571 
3580 
3563 
3566 
3563 
3562 
3548 
3559 
3569 
3565 
3575 
3566 
3582 
3570 
3558 
3568 
3571 
3574 
3573 
3583 
3572 
3580 
3574 
3571 
3571 
3568 
3566 
3573 
3575 
3573 
3565 
3569 
3572 
3579 
3577 
3567 
3563 
3562 
3576 
3577 
3577 
3568 
3570 
3592 
3575 
3568 
3594 
3577 
3556 
3540 
3567 
3580 
3580 
3567 
3580 
3578 
3572 
3581 
3571 
3570 
3584 
3577 
3566 
3575 
3579 
3571 
3572 
3569 
3555 
3553 
3562 
3560 
3573 
3572 
3565 
3562 
3571 
3586 
3572 
3578 
3564 
3558 
3569 
3580 
3571 
3576 
3574 
3590 
3578 
3582 
3563 
3575 
3568 
3571 
3577 
3578 
3574 
3580 
3552 
3563 
3573 
3586 
3559 
3567 
3573 
3579 
3559 
3567 
3568 
3561 
3573 
3561 
3574 
3585 
3571 
3559 
3569 
3574 
3594 
3569 
3569 
3561 
3574 
3564 
3558 
3557 
3563 
3569 
3569 
3576 
3574 
3578 
3586 
3581 
3574 
3578 
3564 
3584 
3588 
3577 
3560 
3565 
3562 
3573 
3569 
3565 
3561 
3580 
3581 
3572 
3566 
3563 
3588 
3586 
3581 
3590 
3573 
3560 
3583 
3578 
3577 
3569 
3571 
3567 
3570 
3567 
3558 
3575 
3569 
3573 
3566 
3571 
3562 
3581 
3564 
3567 
3575 
3579 
3575 
3572 
3569 
3575 
3557 
3573 
3574 
3593 
3586 
3591 
3563 
3559 
3573 
3584 
3576 
3575 
3570 
3575 
3564 
3573 
3580 
3571 
3580 
3572 
3575 
3574 
3588 
3577 
3563 
3579 
3586 
3577 
3579 
3568 
3577 
3599 
3590 
3565 
3558 
3559 
3568 
3572 
3575 
3577 
3566 
3552 
3551 
3574 
3567 
3571 
3566 
3570 
3582 
3576 
3578 
3567 
3581 
3574 
3583 
3577 
3568 
3562 
3577 
3580 
3581 
3570 
3567 
3581 
3569 
3570 
3555 
3592 
3580 
3570 
3557 
3572 
3579 
3577 
3567 
3571 
3574 
3578 
3586 
3565 
3557 
3564 
3579 
3570 
3573 
3567 
3574 
3550 
3562 
3585 
3576 
3574 
3576 
3571 
3580 
3561 
3566 
3578 
3587 
3589 
3583 
3577 
3572 
3563 
3577 
3569 
3573 
3561 
3545 
3573 
3574 
3574 
3576 
3581 
3575 
3580 
3577 
3564 
3569 
3576 
3591 
3584 
3563 
3568 
3582 
3574 
3571 
3586 
3566 
3579 
3589 
3581 
3575 
3585 
3576 
3563 
3589 
3576 
3578 
3572 
3583 
3579 
3590 
3582 
3574 
3580 
3567 
3576 
3568 
3570 
3594 
3574 
3585 
3576 
3579 
3579 
3584 
3561 
3562 
3567 
3561 
3586 
3587 
3567 
3585 
3590 
3583 
3562 
3572 
3587 
3571 
3586 
3584 
3569 
3569 
3595 
3589 
3572 
3574 
3567 
3587 
3582 
3589 
3571 
3568 
3563 
3566 
3569 
3567 
3570 
3583 
3579 
3585 
3569 
3576 
3569 
3593 
3582 
3574 
3573 
3570 
3583 
3584 
3577 
3584 
3581 
3571 
3567 
3571 
3578 
3564 
3565 
3571 
3580 
3581 
3570 
3571 
3571 
3584 
3587 
3590 
3573 
3580 
3580 
3579 
3585 
3570 
3568 
3559 
3584 
3585 
3578 
3562 
3576 
3573 
3577 
3562 
3588 
3581 
3580 
3577 
3577 
3572 
3563 
3577 
3576 
3593 
3568 
3568 
3568 
3566 
3575 
3579 
3580 
3562 
3570 
3583 
3565 
3561 
3585 
3569 
3578 
3583 
3584 
3579 
3581 
3568 
3584 
3593 
3590 
3594 
3578 
3570 
3580 
3584 
3577 
3576 
3573 
3586 
3576 
3584 
3570 
3567 
3578 
3584 
3576 
3584 
3582 
3578 
3578 
3573 
3577 
3593 
3570 
3563 
3571 
3567 
3591 
3565 
3584 
3572 
3584 
3585 
3589 
3584 
3596 
3587 
3581 
3587 
3575 
3567 
3576 
3594 
3569 
3569 
3568 
3566 
3573 
3590 
3575 
3559 
3574 
3571 
3573 
3573 
3569 
3584 
3591 
3579 
3577 
3578 
3586 
3589 
3573 
3582 
3569 
3587 
3597 
3584 
3581 
3579 
3583 
3555 
3568 
3575 
3577 
3564 
3566 
3570 
3585 
3584 
3575 
3585 
3583 
3574 
3574 
3579 
3592 
3597 
3597 
3588 
3569 
3571 
3574 
3582 
3558 
3575 
3580 
3564 
3578 
3586 
3592 
3586 
3591 
3569 
3570 
3586 
3569 
3571 
3581 
3573 
3577 
3578 
3567 
3559 
3572 
3580 
3583 
3572 
3588 
3581 
3586 
3588 
3583 
3565 
3581 
3578 
3581 
3581 
3583 
3583 
3597 
3580 
3592 
3586 
3589 
3581 
3571 
3585 
3582 
3580 
3578 
3580 
3584 
3583 
3589 
3586 
3583 
3573 
3567 
3575 
3585 
3583 
3583 
3573 
3559 
3576 
3597 
3596 
3591 
3570 
3570 
3575 
3571 
3580 
3584 
3574 
3571 
3578 
3588 
3582 
3581 
3586 
3593 
3576 
3586 
3596 
3578 
3580 
3585 
3580 
3561 
3562 
3578 
3578 
3590 
3574 
3556 
3578 
3590 
3571 
3574 
3574 
3589 
3584 
3583 
3581 
3593 
3578 
3577 
3594 
3583 
3579 
3587 
3576 
3568 
3575 
3572 
3570 
3580 
3577 
3567 
3586 
3580 
3576 
3555 
3575 
3582 
3593 
3593 
3601 
3581 
3581 
3585 
3590 
3589 
3593 
3573 
3584 
3561 
3566 
3580 
3589 
3586 
3585 
3580 
3590 
3585 
3595 
3599 
3589 
3583 
3579 
3589 
3610 
3610 
3616 
3603 
3588 
3566 
3527 
3535 
3551 
3560 
3566 
3549 
3530 
3549 
3571 
3595 
3571 
3559 
3545 
3545 
3534 
3537 
3570 
3596 
3609 
3580 
3575 
3584 
3634 
3645 
3619 
3611 
3586 
3555 
3527 
3520 
3515 
3524 
3518 
3497 
3471 
3465 
3455 
3453 
3476 
3485 
3483 
3468 
3477 
3464 
3460 
3494 
3510 
3480 
3472 
3489 
3491 
3486 
3496 
3516 
3506 
3467 
3406 
3367 
3369 
3397 
3492 
3506 
3484 
3425 
3418 
3447 
3493 
3607 
3601 
3482 
3375 
3335 
3368 
3359 
3342 
3336 
3339 
3379 
3447 
3408 
3396 
3360 
3352 
3359 
3373 
3371 
3363 
3332 
3328 
3364 
3428 
3462 
3518 
3569 
3675 
3839 
3983 
4045 
4012 
3950 
3805 
3678 
3609 
3589 
3615 
3658 
3731 
3802 
3857 
3905 
3970 
4004 
4054 
4096 
4179 
4268 
4340 
4350 
4314 
4289 
4293 
4340 
4438 
4515 
4467 
4328 
4148 
4049 
4010 
4014 
4088 
4144 
4131 
4135 
4102 
4090 
4055 
4049 
4144 
4203 
4245 
4284 
4332 
4382 
4412 
4443 
4453 
4346 
4133 
3812 
3477 
3242 
3087 
3058 
3211 
3457 
3629 
3746 
3652 
3379 
3051 
2776 
2574 
2658 
3058 
3506 
3700 
3670 
3605 
3652 
3718 
3817 
4010 
4046 
4034 
3951 
3833 
3743 
3691 
3707 
3749 
3814 
3928 
3992 
4017 
3972 
3895 
3873 
3845 
3831 
3856 
3870 
3818 
3761 
3748 
3781 
3813 
3854 
3850 
3863 
3853 
3838 
3830 
3852 
3885 
3915 
3894 
3877 
3883 
3876 
3854 
3833 
3836 
3838 
3880 
3905 
3890 
3889 
3910 
3926 
3939 
3934 
3914 
3953 
3962 
3952 
3940 
3903 
3891 
3877 
3866 
3863 
3865 
3845 
3840 
3846 
3845 
3845 
3871 
3893 
3921 
3930 
3963 
3950 
3947 
3954 
3944 
3948 
3940 
3952 
3936 
3936 
3913 
3939 
3939 
3946 
3963 
3965 
3960 
3988 
3988 
3981 
3968 
3959 
3949 
3959 
3954 
3922 
3915 
3895 
3889 
3903 
3916 
3897 
3876 
3861 
3863 
3858 
3844 
3840 
3836 
3826 
3813 
3811 
3831 
3837 
3853 
3870 
3856 
3852 
3866 
3863 
3879 
3885 
3914 
3934 
3919 
3895 
3891 
3895 
3911 
3905 
3907 
3893 
3895 
3879 
3904 
3902 
3902 
3905 
3895 
3894 
3853 
3849 
3845 
3847 
3855 
3834 
3829 
3841 
3860 
3861 
3866 
3870 
3889 
3908 
3921 
3934 
3928 
3936 
3917 
3906 
3921 
3910 
3891 
3898 
3887 
3882 
3882 
3873 
3845 
3868 
3859 
3871 
3879 
3857 
3849 
3872 
3878 
3899 
3902 
3896 
3894 
3908 
3916 
3904 
3889 
3883 
3886 
3891 
3895 
3897 
3885 
3889 
3905 
3910 
3915 
3901 
3888 
3881 
3885 
3876 
3867 
3874 
3867 
3873 
3866 
3885 
3872 
3886 
3872 
3894 
3869 
3878 
3887 
3892 
3881 
3891 
3884 
3898 
3879 
3878 
3867 
3878 
3872 
3880 
3888 
3890 
3904 
3894 
3889 
3890 
3886 
3889 
3885 
3878 
3893 
3893 
3876 
3891 
3900 
3884 
3900 
3877 
3880 
3885 
3872 
3878 
3895 
3875 
3885 
3876 
3883 
3881 
3883 
3886 
3888 
3884 
3873 
3888 
3884 
3881 
3894 
3883 
3867 
3885 
3875 
3881 
3882 
3877 
3891 
3889 
3883 
3869 
3882 
3880 
3872 
3880 
3873 
3881 
3883 
3877 
3880 
3876 
3872 
3875 
3881 
3882 
3886 
3882 
3882 
3883 
3878 
3867 
3884 
3880 
3884 
3885 
3882 
3881 
3868 
3879 
3869 
3888 
3883 
3888 
3878 
3863 
3875 
3884 
3873 
3892 
3880 
3876 
3883 
3890 
3891 
3890 
3882 
3888 
3890 
3897 
3906 
3879 
3868 
3882 
3882 
3889 
3873 
3870 
3875 
3872 
3884 
3876 
3879 
3879 
3888 
3882 
3872 
3889 
3878 
3868 
3867 
3869 
3899 
3910 
3886 
3899 
3882 
3881 
3878 
3888 
3866 
3874 
3879 
3868 
3894 
3893 
3891 
3887 
3882 
3876 
3882 
3858 
3833 
3846 
3865 
3897 
3876 
3865 
3848 
3867 
3865 
3874 
3888 
3883 
3895 
3897 
3891 
3888 
3877 
3860 
3854 
3833 
3829 
3820 
3819 
3837 
3846 
3878 
3912 
3893 
3896 
3927 
3938 
3941 
3920 
3919 
3905 
3892 
3892 
3894 
3885 
3869 
3874 
3877 
3898 
3902 
3896 
3895 
3913 
3915 
3896 
3900 
3894 
3883 
3916 
3885 
3888 
3886 
3893 
3888 
3900 
3909 
3891 
3903 
3895 
3891 
3891 
3892 
3898 
3891 
3881 
3873 
3884 
3892 
3910 
3919 
3886 
3918 
3898 
3892 
3878 
3890 
3896 
3894 
3880 
3881 
3883 
3889 
3882 
3902 
3887 
3886 
3887 
3892 
3883 
3896 
3900 
3887 
3892 
3886 
3899 
3892 
3878 
3892 
3893 
3900 
3884 
3891 
3889 
3888 
3887 
3886 
3891 
3900 
3894 
3899 
3889 
3881 
3879 
3890 
3894 
3897 
3888 
3893 
3886 
3893 
3904 
3887 
3890 
3887 
3897 
3897 
3889 
3877 
3898 
3894 
3874 
3894 
3876 
3880 
3891 
3885 
3897 
3892 
3873 
3899 
3903 
3891 
3884 
3904 
3900 
3898 
3894 
3886 
3879 
3885 
3887 
3902 
3898 
3889 
3911 
3881 
3876 
3871 
3879 
3890 
3878 
3896 
3899 
3888 
3898 
3888 
3876 
3887 
3895 
3897 
3882 
3897 
3886 
3893 
3894 
3881 
3894 
3892 
3892 
3887 
3903 
3883 
3888 
3890 
3891 
3893 
3904 
3903 
3890 
3887 
3902 
3902 
3880 
3888 
3893 
3888 
3885 
3903 
3882 
3866 
3885 
3880 
3878 
3866 
3889 
3886 
3884 
3894 
3884 
3883 
3894 
3893 
3887 
3902 
3897 
3885 
3892 
3904 
3916 
3896 
3895 
3908 
3886 
3882 
3878 
3880 
3902 
3893 
3898 
3874 
3863 
3872 
3864 
3866 
3882 
3900 
3894 
3897 
3891 
3887 
3901 
3888 
3894 
3891 
3904 
3914 
3900 
3898 
3900 
3903 
3905 
3879 
3881 
3892 
3904 
3889 
3880 
3882 
3869 
3882 
3908 
3887 
3888 
3895 
3901 
3914 
3895 
3899 
3880 
3881 
3895 
3898 
3891 
3891 
3886 
3873 
3875 
3868 
3874 
3882 
3874 
3882 
3881 
3881 
3902 
3896 
3883 
3896 
3887 
3886 
3886 
3901 
3882 
3882 
3896 
3891 
3888 
3874 
3874 
3892 
3898 
3907 
3897 
3901 
3882 
3882 
3891 
3896 
3887 
3891 
3888 
3883 
3884 
3883 
3911 
3892 
3892 
3885 
3874 
3893 
3888 
3907 
3897 
3893 
3899 
3910 
3904 
3911 
3888 
3889 
3894 
3892 
3905 
3904 
3910 
3891 
3910 
3890 
3877 
3902 
3895 
3893 
3886 
3890 
3888 
3901 
3893 
3899 
3916 
3891 
3904 
3889 
3904 
3902 
3910 
3915 
3909 
3908 
3893 
3896 
3912 
3898 
3880 
3883 
3893 
3901 
3903 
3903 
3896 
3900 
3891 
3885 
3876 
3890 
3914 
3906 
3904 
3905 
3891 
3901 
3896 
3903 
3911 
3895 
3911 
3884 
3883 
3886 
3886 
3878 
3878 
3887 
3898 
3893 
3902 
3889 
3900 
3902 
3909 
3901 
3912 
3915 
3883 
3890 
3892 
3887 
3890 
3890 
3903 
3921 
3907 
3916 
3898 
3898 
3889 
3887 
3895 
3880 
3877 
3886 
3892 
3889 
3889 
3903 
3902 
3895 
3915 
3907 
3897 
3908 
3897 
3906 
3904 
3907 
3894 
3907 
3901 
3890 
3904 
3904 
3905 
3900 
3903 
3904 
3906 
3913 
3889 
3902 
3902 
3903 
3896 
3902 
3914 
3906 
3893 
3903 
3913 
3919 
3912 
3913 
3903 
3905 
3899 
3910 
3893 
3892 
3882 
3896 
3891 
3901 
3875 
3897 
3906 
3894 
3885 
3904 
3909 
3893 
3880 
3896 
3900 
3899 
3903 
3888 
3905 
3889 
3879 
3896 
3898 
3892 
3883 
3890 
3867 
3877 
3892 
3874 
3888 
3907 
3893 
3912 
3902 
3886 
3908 
3900 
3891 
3890 
3883 
3901 
3903 
3911 
3893 
3892 
3891 
3892 
3899 
3903 
3905 
3891 
3884 
3892 
3905 
3919 
3903 
3893 
3910 
3903 
3906 
3885 
3887 
3903 
3917 
3911 
3907 
3904 
3904 
3917 
3924 
3913 
3894 
3896 
3890 
3896 
3909 
3907 
3880 
3892 
3895 
3910 
3902 
3892 
3904 
3900 
3896 
3910 
3908 
3896 
3902 
3899 
3895 
3910 
3915 
3891 
3894 
3902 
3901 
3900 
3899 
3882 
3896 
3912 
3907 
3889 
3890 
3891 
3914 
3903 
3900 
3901 
3910 
3907 
3918 
3906 
3904 
3912 
3903 
3890 
3905 
3887 
3896 
3906 
3912 
3897 
3902 
3896 
3899 
3909 
3899 
3903 
3899 
3915 
3903 
3908 
3904 
3898 
3899 
3916 
3919 
3924 
3898 
3912 
3891 
3893 
3905 
3895 
3883 
3902 
3891 
3892 
3898 
3891 
3900 
3911 
3912 
3907 
3909 
3906 
3890 
3875 
3896 
3907 
3912 
3898 
3916 
3893 
3891 
3901 
3891 
3902 
3905 
3908 
3900 
3908 
3904 
3902 
3906 
3920 
3905 
3898 
3905 
3913 
3907 
3903 
3907 
3901 
3894 
3910 
3900 
3892 
3890 
3896 
3918 
3915 
3908 
3907 
3907 
3895 
3919 
3920 
3915 
3902 
3907 
3911 
3907 
3892 
3894 
3899 
3884 
3899 
3894 
3897 
3898 
3899 
3899 
3915 
3915 
3909 
3904 
3894 
3908 
3917 
3910 
3917 
3890 
3917 
3929 
3917 
3916 
3900 
3895 
3928 
3937 
3941 
3923 
3936 
3945 
3962 
3945 
3929 
3926 
3888 
3865 
3849 
3814 
3851 
3881 
3891 
3901 
3867 
3869 
3883 
3909 
3894 
3852 
3850 
3857 
3840 
3851 
3839 
3818 
3826 
3847 
3851 
3859 
3853 
3852 
3831 
3811 
3766 
3739 
3729 
3763 
3825 
3880 
3896 
3895 
3877 
3871 
3885 
3902 
3917 
3884 
3852 
3851 
3843 
3861 
3853 
3849 
3840 
3857 
3858 
3859 
3863 
3871 
3881 
3891 
3905 
3863 
3861 
3854 
3868 
3865 
3891 
3883 
3877 
3892 
3902 
3912 
3886 
3895 
3888 
3899 
3898 
3903 
3900 
3887 
3924 
3901 
3906 
3909 
3901 
3912 
3909 
3932 
3938 
3919 
3921 
3915 
3918 
3912 
3906 
3916 
3908 
3915 
3905 
3911 
3917 
3915 
3915 
3919 
3902 
3915 
3929 
3929 
3933 
3914 
3927 
3925 
3917 
3947 
3941 
3925 
3934 
3926 
3939 
3927 
3925 
3925 
3942 
3920 
3912 
3916 
3907 
3897 
3901 
3920 
3916 
3909 
3896 
3906 
3898 
3909 
3927 
3904 
3908 
3919 
3895 
3900 
3920 
3910 
3903 
3903 
3902 
3911 
3905 
3890 
3905 
3897 
3907 
3916 
3907 
3896 
3900 
3898 
3904 
3908 
3897 
3891 
3888 
3904 
3915 
3898 
3905 
3887 
3902 
3913 
3886 
3883 
3896 
3900 
3906 
3909 
3910 
3906 
3895 
3910 
3915 
3906 
3909 
3889 
3911 
3903 
3892 
3907 
3912 
3901 
3902 
3906 
3911 
3918 
3903 
3916 
3902 
3915 
3906 
3907 
3914 
3912 
3905 
3918 
3923 
3905 
3920 
3897 
3878 
3896 
3892 
3896 
3896 
3885 
3892 
3914 
3926 
3923 
3900 
3912 
3901 
3910 
3904 
3894 
3900 
3909 
3906 
3905 
3887 
3901 
3903 
3894 
3899 
3893 
3893 
3897 
3900 
3883 
3896 
3897 
3906 
3897 
3890 
3899 
3897 
3905 
3902 
3902 
3901 
3905 
3890 
3894 
3893 
3893 
3904 
3900 
3897 
3896 
3895 
3892 
3898 
3900 
3911 
3875 
3902 
3914 
3910 
3902 
3901 
3903 
3891 
3902 
3887 
3895 
3906 
3899 
3904 
3907 
3908 
3896 
3900 
3911 
3892 
3891 
3884 
3910 
3911 
3907 
3897 
3906 
3901 
3892 
3874 
3902 
3904 
3894 
3888 
3906 
3902 
3909 
3905 
3891 
3897 
3895 
3898 
3891 
3882 
3905 
3901 
3914 
3899 
3894 
3903 
3912 
3907 
3883 
3879 
3884 
3920 
3899 
3903 
3887 
3901 
3901 
3890 
3899 
3922 
3910 
3914 
3905 
3906 
3910 
3900 
3916 
3903 
3903 
3917 
3901 
3899 
3904 
3904 
3906 
3901 
3890 
3888 
3900 
3910 
3890 
3903 
3906 
3910 
3923 
3921 
3904 
3908 
3922 
3909 
3913 
3913 
3905 
3900 
3894 
3898 
3891 
3895 
3903 
3907 
3905 
3907 
3900 
3892 
3889 
3899 
3902 
3902 
3915 
3920 
3927 
3908 
3907 
3905 
3904 
3910 
3901 
3910 
3909 
3898 
3921 
3917 
3902 
3915 
3895 
3914 
3908 
3900 
3929 
3900 
3898 
3895 
3903 
3904 
3902 
3890 
3883 
3910 
3909 
3903 
3909 
3921 
3920 
3898 
3896 
3908 
3902 
3919 
3914 
3899 
3908 
3910 
3921 
3902 
3900 
3894 
3895 
3899 
3910 
3908 
3895 
3901 
3917 
3917 
3907 
3899 
3907 
3912 
3923 
3907 
3905 
3911 
3907 
3903 
3904 
3900 
3891 
3914 
3900 
3910 
3915 
3922 
3919 
3906 
3921 
3906 
3923 
3904 
3916 
3918 
3921 
3987 
4005 
3949 
3905 
3925 
3877 
3823 
3752 
3736 
3739 
3764 
3730 
3719 
3696 
3715 
3680 
3642 
3597 
3587 
3576 
3572 
3585 
3620 
3656 
3665 
3667 
3677 
3673 
3690 
3670 
3658 
3645 
3654 
3674 
3680 
3708 
3719 
3723 
3691 
3721 
3773 
3820 
3828 
3808 
3777 
3752 
3771 
3762 
3763 
3762 
3786 
3795 
3807 
3816 
3791 
3802 
3805 
3790 
3800 
3811 
3812 
3828 
3813 
3826 
3820 
3812 
3808 
3792 
3786 
3795 
3811 
3820 
3815 
3807 
3795 
3790 
3826 
3823 
3859 
3853 
3840 
3838 
3850 
3847 
3864 
3893 
3877 
3834 
3804 
3785 
3763 
3754 
3712 
3664 
3674 
3745 
3761 
3713 
3664 
3638 
3661 
3696 
3727 
3701 
3709 
3717 
3741 
3756 
3758 
3776 
3763 
3769 
3756 
3759 
3707 
3690 
3716 
3740 
3752 
3761 
3780 
3829 
3842 
3809 
3773 
3747 
3745 
3769 
3774 
3774 
3777 
3796 
3795 
3788 
3801 
3813 
3801 
3838 
3862 
3851 
3841 
3811 
3797 
3800 
3784 
3785 
3791 
3793 
3821 
3816 
3805 
3821 
3869 
3891 
3914 
3935 
3931 
3926 
3908 
3896 
3884 
3870 
3840 
3838 
3829 
3839 
3837 
3859 
3886 
3903 
3925 
3922 
3908 
3911 
3925 
3914 
3905 
3893 
3868 
3844 
3861 
3878 
3885 
3914 
3926 
3924 
3929 
3903 
3890 
3874 
3879 
3878 
3877 
3875 
3892 
3893 
3892 
3882 
3860 
3827 
3830 
3796 
3784 
3805 
3791 
3793 
3798 
3818 
3820 
3829 
3866 
3882 
3868 
3875 
3891 
3890 
3880 
3888 
3881 
3889 
3891 
3895 
3880 
3891 
3869 
3861 
3848 
3868 
3881 
3885 
3879 
3893 
3886 
3878 
3892 
3914 
3904 
3880 
3871 
3879 
3863 
3876 
3865 
3876 
3877 
3887 
3894 
3878 
3901 
3878 
3884 
3890 
3917 
3891 
3904 
3896 
3878 
3892 
3887 
3893 
3889 
3901 
3896 
3894 
3890 
3891 
3872 
3866 
3868 
3899 
3882 
3888 
3873 
3875 
3891 
3907 
3895 
3859 
3864 
3885 
3899 
3893 
3889 
3886 
3894 
3914 
3913 
3948 
3926 
3919 
3933 
3940 
3930 
3923 
3901 
3895 
3880 
3891 
3901 
3891 
3901 
3889 
3896 
3900 
3907 
3911 
3921 
3911 
3911 
3889 
3897 
3890 
3902 
3910 
3903 
3895 
3891 
3885 
3899 
3891 
3897 
3878 
3887 
3876 
3887 
3885 
3888 
3887 
3893 
3904 
3910 
3893 
3897 
3907 
3888 
3886 
3887 
3903 
3909 
3895 
3880 
3880 
3894 
3916 
3888 
3899 
3910 
3895 
3899 
3896 
3903 
3904 
3895 
3890 
3905 
3904 
3900 
3914 
3886 
3891 
3901 
3912 
3903 
3896 
3908 
3902 
3912 
3915 
3920 
3909 
3902 
3904 
3894 
3904 
3902 
3899 
3908 
3902 
3890 
3875 
3906 
3899 
3894 
3903 
3890 
3905 
3903 
3900 
3899 
3901 
3914 
3910 
3895 
3897 
3908 
3892 
3888 
3902 
3898 
3902 
3893 
3889 
3887 
3892 
3881 
3890 
3898 
3889 
3902 
3919 
3891 
3910 
3898 
3900 
3910 
3913 
3897 
3884 
3888 
3883 
3893 
3880 
3901 
3887 
3901 
3903 
3897 
3909 
3900 
3898 
3899 
3898 
3885 
3880 
3901 
3906 
3933 
3905 
3908 
3901 
3890 
3893 
3903 
3894 
3907 
3883 
3887 
3905 
3898 
3918 
3901 
3890 
3902 
3910 
3909 
3911 
3894 
3901 
3908 
3901 
3904 
3913 
3905 
3911 
3902 
3909 
3901 
3903 
3908 
3907 
3891 
3902 
3900 
3915 
3923 
3883 
3905 
3901 
3901 
3905 
3906 
3913 
3898 
3888 
3882 
3895 
3900 
3897 
3892 
3900 
3913 
3904 
3926 
3900 
3898 
3903 
3910 
3905 
3915 
3898 
3915 
3897 
3891 
3891 
3905 
3900 
3908 
3887 
3887 
3891 
3890 
3901 
3908 
3899 
3897 
3904 
3910 
3925 
3905 
3899 
3907 
3895 
3922 
3894 
3911 
3900 
3890 
3884 
3906 
3912 
3916 
3907 
3918 
3910 
3905 
3890 
3897 
3895 
3899 
3908 
3918 
3917 
3906 
3893 
3912 
3900 
3911 
3910 
3900 
3896 
3904 
3905 
3903 
3911 
3886 
3900 
3908 
3891 
3904 
3904 
3920 
3890 
3912 
3900 
3903 
3920 
3913 
3893 
3900 
3897 
3892 
3908 
3900 
3888 
3894 
3886 
3908 
3913 
3904 
3899 
3878 
3913 
3918 
3917 
3912 
3912 
3899 
3880 
3894 
3913 
3892 
3893 
3901 
3903 
3919 
3891 
3915 
3913 
3911 
3898 
3897 
3909 
3899 
3901 
3907 
3908 
3908 
3917 
3907 
3907 
3908 
3902 
3922 
3919 
3905 
3898 
3882 
3894 
3904 
3898 
3896 
3908 
3907 
3906 
3914 
3919 
3922 
3920 
3907 
3908 
3905 
3913 
3912 
3911 
3897 
3888 
3904 
3918 
3912 
3903 
3896 
3902 
3909 
3905 
3899 
3898 
3899 
3899 
3906 
3912 
3897 
3898 
3910 
3921 
3903 
3892 
3891 
3899 
3907 
3889 
3897 
3895 
3900 
3903 
3904 
3885 
3912 
3898 
3914 
3917 
3906 
3890 
3897 
3907 
3903 
3911 
3902 
3899 
3905 
3899 
3905 
3911 
3902 
3898 
3899 
3887 
3894 
3896 
3904 
3909 
3900 
3911 
3921 
3899 
3904 
3898 
3909 
3913 
3889 
3896 
3889 
3915 
3907 
3898 
3891 
3887 
3895 
3896 
3885 
3881 
3904 
3904 
3893 
3887 
3887 
3908 
3896 
3894 
3889 
3900 
3895 
3902 
3889 
3914 
3910 
3921 
3900 
3914 
3910 
3927 
3930 
3907 
3915 
3923 
3931 
3931 
3924 
3918 
3923 
3930 
3927 
3911 
3894 
3898 
3903 
3912 
3920 
3916 
3908 
3918 
3900 
3901 
3899 
3898 
3898 
3890 
3902 
3908 
3913 
3909 
3902 
3890 
3895 
3890 
3899 
3887 
3901 
3894 
3886 
3914 
3919 
3912 
3896 
3879 
3898 
3908 
3899 
3903 
3883 
3918 
3922 
3899 
3882 
3890 
3905 
3896 
3896 
3898 
3904 
3901 
3906 
3917 
3906 
3899 
3905 
3896 
3896 
3885 
3887 
3883 
3894 
3877 
3879 
3885 
3894 
3915 
3901 
3898 
3930 
3917 
3908 
3885 
3871 
3911 
3907 
3906 
3886 
3865 
3848 
3842 
3861 
3866 
3868 
3874 
3867 
3871 
3891 
3894 
3882 
3878 
3878 
3884 
3886 
3864 
3883 
3885 
3896 
3889 
3886 
3901 
3898 
3884 
3877 
3886 
3903 
3915 
3916 
3912 
3913 
3902 
3907 
3899 
3888 
3895 
3899 
3889 
3897 
3902 
3893 
3898 
3874 
3882 
3868 
3894 
3887 
3889 
3890 
3889 
3894 
3912 
3920 
3907 
3889 
3929 
3929 
3956 
3925 
3907 
3905 
3918 
3944 
3933 
3922 
3907 
3898 
3894 
3901 
3896 
3905 
3894 
3889 
3912 
3911 
3877 
3899 
3899 
3901 
3903 
3893 
3902 
3919 
3918 
3910 
3893 
3877 
3881 
3881 
3888 
3890 
3908 
3907 
3899 
3924 
3915 
3911 
3898 
3895 
3906 
3908 
3935 
3936 
3916 
3920 
3916 
3925 
3916 
3886 
3889 
3895 
3909 
3902 
3901 
3906 
3908 
3928 
3924 
3920 
3902 
3907 
3928 
3925 
3938 
3910 
3903 
3905 
3910 
3913 
3921 
3902 
3921 
3920 
3927 
3928 
3910 
3907 
3909 
3914 
3912 
3917 
3911 
3927 
3912 
3904 
3917 
3897 
3918 
3909 
3904 
3922 
3915 
3911 
3915 
3916 
3917 
3922 
3921 
3898 
3923 
3903 
3928 
3923 
3912 
3904 
3918 
3913 
3927 
3895 
3904 
3911 
3920 
3898 
3913 
3920 
3921 
3921 
3924 
3919 
3915 
3909 
3910 
3913 
3908 
3914 
3919 
3922 
3914 
3904 
3915 
3918 
3911 
3913 
3913 
3932 
3912 
3919 
3908 
3919 
3921 
3921 
3928 
3918 
3905 
3888 
3916 
3914 
3902 
3913 
3906 
3908 
3927 
3917 
3920 
3912 
3928 
3902 
3931 
3917 
3917 
3928 
3922 
3928 
3943 
3933 
3907 
3895 
3899 
3907 
3913 
3921 
3914 
3899 
3876 
3860 
3892 
3920 
3931 
3901 
3882 
3888 
3903 
3919 
3920 
3918 
3886 
3893 
3883 
3884 
3914 
3918 
3901 
3897 
3903 
3909 
3928 
3924 
3911 
3893 
3897 
3909 
3936 
3920 
3919 
3910 
3923 
3923 
3916 
3891 
3893 
3898 
3906 
3912 
3914 
3907 
3909 
3901 
3906 
3911 
3898 
3904 
3918 
3918 
3927 
3914 
3924 
3912 
3888 
3913 
3915 
3911 
3914 
3908 
3894 
3903 
3901 
3898 
3891 
3890 
3903 
3897 
3912 
3916 
3916 
3893 
3898 
3914 
3902 
3891 
3887 
3919 
3905 
3909 
3886 
3889 
3900 
3914 
3892 
3876 
3877 
3885 
3903 
3887 
3908 
3897 
3915 
3929 
3929 
3952 
3931 
3905 
3905 
3919 
3947 
3944 
3948 
3917 
3900 
3862 
3845 
3827 
3857 
3869 
3857 
3859 
3860 
3862 
3893 
3902 
3861 
3837 
3835 
3847 
3840 
3838 
3851 
3858 
3857 
3827 
3818 
3815 
3788 
3777 
3783 
3822 
3834 
3799 
3756 
3794 
3795 
3718 
3597 
3557 
3611 
3604 
3479 
3433 
3354 
3229 
3020 
2895 
2946 
2916 
2754 
2465 
2237 
2154 
1956 
1773 
1630 
1570 
1524 
1422 
1300 
1104 
921 
831 
677 
571 
524 
361 
109 
-43 
-75 
-135 
-266 
-421 
-549 
-628 
-639 
-768 
-904 
-1026 
-1097 
-1094 
-1108 
-1229 
-1267 
-1262 
-1323 
-1398 
-1511 
-1589 
-1584 
-1647 
-1688 
-1762 
-1764 
-1725 
-1775 
-1845 
-1882 
-1896 
-1936 
-1937 
-1933 
-1870 
-1941 
-1979 
-2007 
-2014 
-2096 
-2149 
-2193 
-2193 
-2228 
-2195 
-2204 
-2287 
-2259 
-2227 
-2224 
-2378 
-2468 
-2547 
-2522 
-2409 
-2373 
-2317 
-2221 
-2121 
-2131 
-2156 
-2138 
-2317 
-2425 
-2428 
-2384 
-2338 
-2278 
-2219 
-2284 
-2365 
-2447 
-2460 
-2420 
-2392 
-2367 
-2368 
-2348 
-2368 
-2361 
-2319 
-2340 
-2382 
-2397 
-2475 
-2459 
-2441 
-2422 
-2386 
-2314 
-2316 
-2348 
-2383 
-2404 
-2491 
-2490 
-2429 
-2318 
-2336 
-2466 
-2590 
-2673 
-2739 
-2716 
-2586 
-2168 
-1890 
-2080 
-2570 
-2858 
-2881 
-2845 
-2690 
-2551 
-2437 
-2595 
-2701 
-2654 
-2638 
-2556 
-2564 
-2558 
-2590 
-2624 
-2610 
-2584 
-2593 
-2615 
-2609 
-2610 
-2619 
-2691 
-2728 
-2741 
-2665 
-2548 
-2324 
-2266 
-2076 
-1780 
-1479 
-1467 
-1588 
-1678 
-1720 
-1723 
-1646 
-1580 
-1496 
-1383 
-1303 
-1219 
-1227 
-1238 
-1253 
-1238 
-1212 
-1234 
-1320 
-1402 
-1442 
-1440 
-1384 
-1317 
-1250 
-1203 
-1185 
-1180 
-1197 
-1196 
-1213 
-1201 
-1210 
-1255 
-1236 
-1242 
-1218 
-1175 
-1171 
-1173 
-1169 
-1155 
-1134 
-1111 
-1137 
-1166 
-1169 
-1165 
-1173 
-1142 
-1132 
-1139 
-1148 
-1172 
-1171 
-1183 
-1163 
-1137 
-1152 
-1138 
-1130 
-1113 
-1129 
-1178 
-1226 
-1270 
-1281 
-1279 
-1265 
-1215 
-1195 
-1189 
-1197 
-1202 
-1232 
-1236 
-1234 
-1222 
-1194 
-1164 
-1158 
-1158 
-1137 
-1150 
-1162 
-1182 
-1196 
-1186 
-1215 
-1211 
-1232 
-1237 
-1211 
-1168 
-1160 
-1161 
-1173 
-1218 
-1232 
-1255 
-1270 
-1270 
-1257 
-1262 
-1266 
-1271 
-1288 
-1317 
-1344 
-1355 
-1360 
-1349 
-1367 
-1362 
-1354 
-1354 
-1346 
-1359 
-1370 
-1356 
-1368 
-1347 
-1350 
-1364 
-1384 
-1395 
-1406 
-1392 
-1376 
-1380 
-1356 
-1371 
-1377 
-1376 
-1383 
-1398 
-1426 
-1397 
-1384 
-1359 
-1358 
-1379 
-1368 
-1368 
-1360 
-1354 
-1359 
-1378 
-1399 
-1412 
-1403 
-1406 
-1386 
-1406 
-1408 
-1431 
-1410 
-1393 
-1380 
-1373 
-1372 
-1397 
-1405 
-1401 
-1390 
-1402 
-1394 
-1417 
-1393 
-1418 
-1416 
-1399 
-1384 
-1396 
-1391 
-1410 
-1420 
-1450 
-1404 
-1404 
-1407 
-1383 
-1414 
-1424 
-1429 
-1431 
-1419 
-1415 
-1413 
-1422 
-1415 
-1432 
-1449 
-1430 
-1425 
-1396 
-1404 
-1409 
-1435 
-1429 
-1419 
-1433 
-1433 
-1434 
-1431 
-1414 
-1406 
-1397 
-1402 
-1419 
-1433 
-1439 
-1448 
-1452 
-1451 
-1461 
-1454 
-1457 
-1463 
-1447 
-1430 
-1435 
-1448 
-1451 
-1469 
-1460 
-1457 
-1469 
-1465 
-1453 
-1477 
-1464 
-1466 
-1484 
-1461 
-1463 
-1448 
-1457 
-1473 
-1475 
-1469 
-1472 
-1476 
-1468 
-1456 
-1472 
-1474 
-1470 
-1477 
-1479 
-1459 
-1461 
-1471 
-1511 
-1490 
-1474 
-1440 
-1469 
-1469 
-1479 
-1456 
-1474 
-1480 
-1495 
-1498 
-1495 
-1513 
-1517 
-1508 
-1537 
-1541 
-1517 
-1495 
-1488 
-1496 
-1521 
-1534 
-1534 
-1516 
-1512 
-1530 
-1533 
-1524 
-1503 
-1508 
-1530 
-1526 
-1517 
-1498 
-1508 
-1514 
-1503 
-1490 
-1509 
-1536 
-1537 
-1526 
-1512 
-1525 
-1503 
-1502 
-1511 
-1513 
-1533 
-1520 
-1529 
-1508 
-1519 
-1519 
-1515 
-1512 
-1523 
-1522 
-1516 
-1523 
-1519 
-1519 
-1495 
-1487 
-1509 
-1528 
-1525 
-1515 
-1502 
-1514 
-1524 
-1552 
-1529 
-1540 
-1538 
-1520 
-1541 
-1526 
-1516 
-1523 
-1538 
-1531 
-1528 
-1529 
-1523 
-1536 
-1520 
-1520 
-1545 
-1541 
-1589 
-1580 
-1578 
-1557 
-1566 
-1564 
-1553 
-1542 
-1518 
-1538 
-1562 
-1584 
-1571 
-1531 
-1554 
-1593 
-1656 
-1753 
-1748 
-1756 
-1743 
-1738 
-1682 
-1677 
-1684 
-1699 
-1684 
-1694 
-1750 
-1785 
-1804 
-1823 
-1846 
-1867 
-1874 
-1860 
-1923 
-2042 
-2105 
-2106 
-2041 
-2050 
-2068 
-2032 
-2038 
-2052 
-2090 
-2112 
-2080 
-2036 
-2104 
-2229 
-2317 
-2384 
-2357 
-2257 
-2140 
-2011 
-1925 
-1859 
-1918 
-2054 
-2134 
-2322 
-2327 
-2311 
-2299 
-2301 
-2249 
-2212 
-2217 
-2245 
-2291 
-2332 
-2339 
-2411 
-2409 
-2350 
-2298 
-2282 
-2280 
-2245 
-2261 
-2318 
-2353 
-2381 
-2433 
-2456 
-2438 
-2441 
-2466 
-2422 
-2426 
-2431 
-2411 
-2345 
-2312 
-2321 
-2335 
-2378 
-2323 
-2356 
-2345 
-2366 
-2355 
-2325 
-2297 
-2294 
-2282 
-2287 
-2327 
-2337 
-2330 
-2326 
-2347 
-2336 
-2336 
-2329 
-2301 
-2273 
-2247 
-2263 
-2265 
-2242 
-2278 
-2304 
-2301 
-2307 
-2368 
-2401 
-2348 
-2342 
-2330 
-2305 
-2249 
-2259 
-2261 
-2280 
-2288 
-2289 
-2300 
-2288 
-2292 
-2286 
-2292 
-2284 
-2299 
-2292 
-2257 
-2270 
-2257 
-2232 
-2235 
-2249 
-2236 
-2272 
-2268 
-2267 
-2215 
-2226 
-2267 
-2238 
-2142 
-2140 
-2248 
-2334 
-2315 
-2317 
-2373 
-2415 
-2415 
-2393 
-2344 
-2327 
-2313 
-2315 
-2333 
-2366 
-2370 
-2381 
-2385 
-2351 
-2359 
-2345 
-2337 
-2336 
-2341 
-2323 
-2304 
-2305 
-2327 
-2310 
-2323 
-2353 
-2341 
-2306 
-2334 
-2303 
-2318 
-2329 
-2374 
-2385 
-2377 
-2387 
-2385 
-2355 
-2350 
-2345 
-2321 
-2321 
-2295 
-2302 
-2334 
-2358 
-2374 
-2354 
-2359 
-2380 
-2354 
-2343 
-2337 
-2340 
-2318 
-2312 
-2308 
-2318 
-2302 
-2279 
-2308 
-2305 
-2317 
-2306 
-2314 
-2298 
-2299 
-2288 
-2281 
-2280 
-2284 
-2278 
-2280 
-2312 
-2308 
-2313 
-2303 
-2408 
-2474 
-2398 
-2247 
-2198 
-2168 
-2021 
-1833 
-1617 
-1545 
-1555 
-1546 
-1534 
-1589 
-1603 
-1597 
-1564 
-1535 
-1518 
-1453 
-1408 
-1401 
-1396 
-1402 
-1408 
-1451 
-1477 
-1468 
-1431 
-1425 
-1475 
-1547 
-528 
-1230 
-1618 
-1614 
-1729 
-1813 
-1860 
-1798 
-1689 
-1611 
-1537 
-1477 
-1443 
-1421 
-1429 
-1445 
-1493 
-1513 
-1512 
-1492 
-1603 
-1727 
-1842 
-1923 
-1938 
-1902 
-1856 
-1791 
-1773 
-1754 
-1784 
-1866 
-1921 
-1991 
-2080 
-2137 
-2124 
-2079 
-2027 
-1986 
-1981 
-1963 
-1961 
-1959 
-1983 
-2018 
-2013 
-2019 
-2028 
-2064 
-2105 
-2140 
-2183 
-2219 
-2238 
-2275 
-2282 
-2270 
-2282 
-2274 
-2291 
-2281 
-2287 
-2299 
-2315 
-2328 
-2333 
-2336 
-2326 
-2333 
-2338 
-2337 
-2337 
-2327 
-2335 
-2348 
-2322 
-2339 
-2353 
-2330 
-2343 
-2354 
-2340 
-2331 
-2331 
-2348 
-2350 
-2345 
-2333 
-2345 
-2350 
-2360 
-2346 
-2362 
-2361 
-2351 
-2352 
-2350 
-2340 
-2332 
-2339 
-2352 
-2356 
-2356 
-2352 
-2339 
-2333 
-2348 
-2335 
-2352 
-2352 
-2383 
-2372 
-2361 
-2339 
-2347 
-2346 
-2354 
-2357 
-2363 
-2365 
-2371 
-2354 
-2370 
-2367 
-2351 
-2347 
-2365 
-2361 
-2360 
-2357 
-2363 
-2358 
-2356 
-2352 
-2348 
-2351 
-2382 
-2372 
-2372 
-2374 
-2362 
-2354 
-2368 
-2364 
-2363 
-2372 
-2374 
-2357 
-2347 
-2369 
-2352 
-2354 
-2344 
-2367 
-2358 
-2382 
-2380 
-2382 
-2366 
-2366 
-2363 
-2354 
-2357 
-2364 
-2368 
-2371 
-2370 
-2370 
-2362 
-2350 
-2342 
-2374 
-2387 
-2384 
-2385 
-2387 
-2362 
-2361 
-2351 
-2361 
-2364 
-2382 
-2382 
-2361 
-2358 
-2341 
-2362 
-2370 
-2363 
-2374 
-2366 
-2368 
-2374 
-2363 
-2371 
-2358 
-2368 
-2354 
-2370 
-2364 
-2372 
-2375 
-2368 
-2365 
-2351 
-2360 
-2367 
-2371 
-2361 
-2380 
-2378 
-2377 
-2370 
-2367 
-2360 
-2360 
-2371 
-2374 
-2378 
-2362 
-2353 
-2366 
-2372 
-2364 
-2358 
-2355 
-2364 
-2376 
-2385 
-2374 
-2396 
-2365 
-2364 
-2351 
-2365 
-2360 
-2365 
-2383 
-2365 
-2380 
-2379 
-2361 
-2346 
-2344 
-2356 
-2367 
-2385 
-2395 
-2383 
-2384 
-2375 
-2364 
-2351 
-2361 
-2339 
-2353 
-2336 
-2348 
-2363 
-2377 
-2375 
-2358 
-2358 
-2396 
-2445 
-2421 
-2413 
-2366 
-2362 
-2331 
-2344 
-2341 
-2323 
-2347 
-2394 
-2379 
-2373 
-2370 
-2347 
-2330 
-2360 
-2402 
-2420 
-2449 
-2447 
-2425 
-2399 
-2370 
-2376 
-2403 
-2402 
-2403 
-2398 
-2377 
-2378 
-2380 
-2386 
-2399 
-2414 
-2420 
-2410 
-2404 
-2405 
-2411 
-2428 
-2401 
-2412 
-2397 
-2431 
-2438 
-2478 
-2509 
-2586 
-2646 
-2650 
-2611 
-2559 
-2491 
-2403 
-2317 
-2267 
-2275 
-2383 
-2412 
-2473 
-2466 
-2427 
-2320 
-2329 
-2475 
-2436 
-2623 
-2679 
-2671 
-2619 
-2635 
-2580 
-2537 
-2453 
-2318 
-2321 
-2296 
-2305 
-2271 
-2314 
-2336 
-2479 
-2715 
-2722 
-2444 
-2175 
-1868 
-1688 
-1736 
-1793 
-1854 
-1940 
-1961 
-1886 
-1839 
-1780 
-1651 
-1530 
-1429 
-1361 
-1388 
-1372 
-1374 
-1298 
-1262 
-1252 
-1174 
-1142 
-1188 
-1278 
-1403 
-1450 
-1417 
-1316 
-1219 
-1151 
-1159 
-1205 
-1241 
-1302 
-1338 
-1307 
-1169 
-974 
-833 
-785 
-771 
-876 
-796 
-757 
-680 
-535 
-530 
-372 
-84 
-218 
-384 
-351 
-228 
7 
-119 
-248 
-352 
-534 
-697 
-687 
-597 
-400 
74 
666 
620 
341 
173 
46 
-42 
-99 
-208 
-291 
-309 
-501 
-576 
-881 
-1046 
-1061 
-881 
-846 
-729 
-832 
-899 
-665 
-772 
-800 
-858 
-873 
-868 
-881 
-842 
-810 
-776 
-799 
-910 
-1049 
-1140 
-1095 
-1085 
-1038 
-913 
-854 
-963 
-1181 
-1355 
-1386 
-1343 
-1325 
-1433 
-1568 
-1671 
-1559 
-1412 
-1387 
-1681 
-1905 
-1780 
-1629 
-1620 
-1564 
-1235 
-841 
-810 
-763 
-743 
-707 
-669 
-528 
-335 
-229 
-82 
116 
197 
160 
-53 
-195 
-294 
-449 
-572 
-827 
-860 
-849 
-700 
-570 
-318 
-65 
62 
172 
542 
926 
1151 
1172 
1104 
1114 
1161 
1291 
1376 
1387 
1335 
1328 
1270 
1152 
1056 
964 
825 
769 
859 
1068 
1119 
1090 
1041 
818 
607 
491 
509 
564 
547 
536 
387 
207 
95 
46 
-78 
-48 
0 
-171 
-430 
-487 
-411 
-286 
-208 
-129 
198 
494 
468 
159 
110 
385 
550 
542 
423 
312 
318 
332 
357 
-40 
-241 
-179 
969 
1215 
721 
373 
611 
647 
689 
746 
1204 
818 
396 
120 
37 
34 
-3 
-103 
-273 
-328 
319 
-228 
-305 
-456 
-237 
-147 
-192 
-521 
-362 
-246 
-150 
-150 
-167 
-154 
-184 
-291 
-241 
-126 
-136 
-520 
-620 
-360 
-208 
-215 
-201 
-164 
-147 
-180 
-185 
-165 
-284 
-316 
-171 
-2 
108 
94 
145 
172 
286 
385 
420 
383 
335 
418 
570 
545 
524 
503 
417 
533 
850 
934 
907 
571 
396 
249 
264 
355 
384 
302 
282 
395 
426 
244 
271 
212 
133 
30 
-1 
79 
115 
73 
-84 
-306 
-212 
-59 
-76 
-236 
-462 
-553 
-602 
-547 
-573 
-455 
-419 
-409 
-418 
-478 
-610 
-828 
-960 
-922 
-975 
-1100 
-951 
-998 
-1007 
-999 
-908 
-958 
-1041 
-1130 
-1142 
-913 
-853 
-995 
-1182 
-1303 
-1298 
-1844 
-930 
-3145 
-2012 
-2703 
-3063 
-2546 
-682 
817 
306 
-561 
-2652 
-3557 
-3523 
-2012 
-1039 
-2943 
-3103 
-2940 
-1781 
-2367 
-2553 
-2613 
-2295 
-1881 
-2311 
-2344 
-2238 
-2208 
-2256 
-2866 
-3041 
-1944 
-3876 
-2257 
-2829 
-1489 
-1278 
-1741 
-1707 
-1966 
-2352 
-3054 
-2934 
-1459 
6 
-392 
-1221 
-2192 
-1891 
-1651 
-739 
-170 
1025 
618 
1540 
2133 
3585 
4152 
3882 
3630 
4460 
4561 
5041 
4168 
4139 
4445 
4611 
4516 
4550 
4349 
4265 
4272 
4258 
4274 
4249 
4156 
4051 
3967 
4040 
4304 
4280 
4315 
4327 
4400 
4427 
4268 
3935 
3726 
3662 
3417 
3159 
2694 
2079 
2044 
2013 
1965 
2071 
2102 
2034 
1911 
1758 
1672 
1865 
1898 
1740 
1592 
1467 
1262 
1179 
1185 
1270 
1444 
1637 
1676 
1473 
1407 
1326 
1237 
1134 
1122 
1156 
986 
1118 
1199 
1384 
1634 
1699 
1929 
2146 
2063 
1952 
1948 
1815 
1656 
1616 
1491 
1531 
1776 
1499 
1835 
1867 
1937 
2011 
2032 
2081 
2092 
2134 
2245 
2331 
2410 
2614 
2636 
2792 
2989 
2853 
2584 
2724 
2802 
2761 
2622 
2732 
2627 
2221 
2207 
2177 
2067 
1956 
2095 
2169 
2290 
2411 
2364 
2202 
2119 
1981 
2139 
2129 
2007 
1726 
1590 
1427 
1220 
1021 
772 
631 
567 
414 
459 
481 
497 
430 
494 
551 
512 
535 
563 
522 
463 
347 
306 
256 
405 
403 
280 
228 
255 
319 
232 
227 
263 
235 
268 
254 
296 
333 
393 
464 
582 
580 
583 
584 
604 
708 
791 
869 
893 
803 
763 
795 
811 
913 
936 
956 
1030 
999 
941 
1146 
1057 
1103 
1087 
1086 
1101 
1124 
1167 
1186 
1236 
1276 
1331 
1304 
1302 
1294 
1302 
1399 
1475 
1589 
1664 
1674 
1702 
1674 
1694 
1736 
1720 
1748 
1738 
1786 
1826 
1827 
1793 
1854 
1846 
1910 
1932 
1964 
2019 
2134 
2142 
2176 
2188 
2174 
2144 
