-1335 
-1626 
-1649 
-1657 
-1649 
-1652 
-1654 
-1659 
-1666 
-1656 
-1667 
-1647 
-1623 
-1630 
-1619 
-1650 
-1734 
-1746 
-1589 
-1252 
-1427 
-1692 
-1691 
-1559 
-1503 
-1553 
-1555 
-1590 
-1626 
-1599 
-1600 
-1590 
-1631 
-1611 
-1624 
-1651 
-1666 
-1690 
-1680 
-1692 
-1604 
-1777 
-1821 
-1836 
-1867 
-1917 
-1897 
-1884 
-2060 
-1906 
-1994 
-2057 
-2034 
-2118 
-2190 
-2138 
-2085 
-2197 
-2216 
-2003 
-2310 
-2499 
-2613 
-2182 
-2323 
-2563 
-2460 
-2377 
-2484 
-2351 
-2531 
-2513 
-2380 
-2404 
-2469 
-2485 
-2437 
-2372 
-2357 
-2395 
-2387 
-2435 
-2346 
-2243 
-2632 
-2796 
-2933 
-2791 
-2468 
-2451 
-2551 
-2556 
-2559 
-2617 
-2674 
-2655 
-2600 
-2741 
-2670 
-2639 
-2602 
-2541 
-2494 
-2540 
-2436 
-2406 
-2453 
-2305 
-2326 
-2225 
-2333 
-2516 
-2375 
-2306 
-2360 
-2422 
-2382 
-2397 
-2403 
-2413 
-2435 
-2410 
-2305 
-2350 
-2447 
-2549 
-2400 
-2458 
-2499 
-2539 
-2517 
-2466 
-2448 
-2435 
-2355 
-2362 
-2319 
-2276 
-2226 
-2249 
-2196 
-2227 
-2221 
-2236 
-2170 
-2125 
-2160 
-2203 
-2198 
-2299 
-2229 
-2198 
-2288 
-2189 
-2112 
-2105 
-2105 
-2211 
-2338 
-2158 
-1996 
-2031 
-2079 
-2206 
-2226 
-2283 
-2287 
-2255 
-2300 
-2330 
-2412 
-2466 
-2325 
-2054 
-2013 
-2074 
-2082 
-2115 
-2465 
-2010 
-2093 
-2178 
-2117 
-2344 
-2397 
-2306 
-2226 
-2278 
-2196 
-2149 
-2313 
-2267 
-2366 
-2437 
-2470 
-2201 
-2096 
-1994 
-1843 
-2080 
-1999 
-1933 
-1941 
-2015 
-1994 
-1915 
-1843 
-1947 
-1984 
-2011 
-1949 
-2093 
-2194 
-2200 
-2175 
-2138 
-2135 
-2113 
-2101 
-2243 
-2182 
-2195 
-2182 
-2042 
-1967 
-1931 
-1931 
-1960 
-1965 
-1977 
-1934 
-1864 
-1743 
-1721 
-1604 
-1484 
-1189 
-843 
-761 
-605 
-459 
-302 
-74 
16 
37 
98 
245 
469 
387 
444 
386 
218 
376 
718 
840 
710 
197 
-543 
-906 
-702 
-403 
-137 
62 
61 
-197 
-341 
-108 
331 
455 
344 
561 
1311 
1407 
929 
770 
572 
333 
181 
175 
171 
164 
180 
-132 
-197 
-74 
-81 
-136 
-90 
89 
115 
116 
122 
115 
64 
129 
157 
64 
11 
7 
-9 
-35 
-34 
-95 
-126 
-99 
-113 
-123 
-90 
-42 
-79 
18 
69 
58 
35 
-34 
-112 
2 
75 
67 
28 
-90 
-159 
-162 
-284 
-71 
76 
-53 
-64 
-88 
-109 
79 
101 
-82 
-55 
17 
-45 
-157 
-219 
-266 
-94 
158 
-2 
81 
245 
312 
330 
86 
-14 
-34 
50 
40 
-87 
-91 
16 
136 
357 
212 
214 
280 
276 
127 
178 
98 
48 
-95 
-104 
48 
-115 
-116 
-137 
-193 
-236 
-252 
-180 
-32 
-88 
-170 
-205 
-296 
-299 
-348 
-389 
-387 
-414 
-418 
-421 
-416 
-423 
-426 
-489 
-551 
-610 
-597 
-549 
-277 
-437 
-464 
-4 
-195 
-36 
-57 
-34 
-107 
-168 
-231 
-289 
-288 
-298 
-324 
-300 
-294 
-254 
-218 
-284 
-277 
-335 
-262 
-255 
-243 
-150 
-163 
-134 
-241 
-213 
-251 
-294 
-272 
-305 
-314 
-311 
-300 
-371 
-302 
-307 
-344 
-371 
-344 
-363 
-403 
-318 
-241 
-204 
-209 
-229 
-169 
-178 
-160 
-195 
-251 
-292 
-337 
-293 
-268 
-289 
-230 
-241 
-291 
-238 
-324 
-373 
-298 
-338 
-208 
-211 
-231 
-197 
-206 
-197 
-230 
-199 
-80 
-91 
-100 
-156 
-143 
-181 
-112 
-179 
-175 
-56 
1 
-61 
-128 
-90 
-97 
-117 
-78 
-54 
-40 
-212 
-272 
-421 
-495 
-484 
-289 
-91 
-48 
-73 
-261 
-486 
-500 
-162 
30 
-166 
-317 
-197 
-113 
-252 
-299 
-220 
-215 
-273 
-240 
-192 
-192 
-176 
-201 
-189 
-160 
-71 
-3 
-45 
-50 
-44 
-62 
45 
45 
-49 
104 
225 
89 
-77 
-183 
-148 
172 
206 
34 
-105 
-114 
-15 
97 
248 
213 
104 
97 
79 
100 
71 
4 
-21 
16 
-45 
-169 
-212 
-190 
-147 
-161 
-207 
-210 
-153 
-149 
-89 
-4 
83 
154 
172 
138 
138 
91 
-5 
-17 
66 
127 
180 
189 
185 
138 
75 
12 
-66 
-165 
-237 
-241 
-244 
-191 
-140 
-87 
-64 
-17 
9 
47 
99 
139 
159 
177 
167 
194 
182 
161 
164 
175 
168 
167 
186 
184 
170 
173 
174 
181 
145 
141 
128 
124 
110 
98 
95 
111 
129 
139 
148 
151 
165 
174 
194 
153 
115 
113 
97 
81 
96 
99 
88 
66 
69 
70 
57 
81 
89 
87 
65 
82 
90 
98 
119 
149 
162 
150 
160 
155 
149 
137 
115 
126 
122 
142 
144 
155 
138 
125 
99 
113 
156 
163 
142 
143 
152 
159 
160 
154 
116 
125 
117 
116 
101 
110 
113 
106 
102 
108 
97 
103 
120 
147 
160 
137 
108 
98 
91 
108 
133 
154 
172 
146 
175 
198 
200 
208 
198 
174 
153 
139 
142 
150 
164 
143 
122 
111 
130 
141 
163 
164 
152 
146 
141 
146 
176 
176 
180 
183 
188 
200 
184 
200 
212 
208 
212 
224 
229 
241 
250 
257 
253 
276 
291 
292 
298 
299 
288 
279 
272 
269 
256 
240 
230 
240 
222 
216 
244 
258 
240 
250 
250 
249 
259 
264 
251 
265 
281 
300 
294 
283 
282 
301 
295 
290 
276 
273 
267 
250 
257 
266 
260 
264 
264 
250 
251 
267 
267 
266 
267 
256 
273 
276 
264 
270 
285 
284 
285 
268 
271 
261 
257 
268 
272 
279 
267 
259 
275 
274 
271 
264 
279 
269 
267 
266 
262 
263 
256 
262 
270 
281 
291 
284 
280 
277 
264 
272 
269 
265 
256 
264 
280 
274 
256 
277 
258 
255 
262 
257 
266 
279 
270 
277 
278 
282 
267 
274 
277 
278 
262 
263 
272 
277 
279 
265 
276 
269 
268 
265 
267 
266 
288 
276 
282 
267 
266 
269 
272 
271 
281 
278 
286 
251 
249 
252 
239 
238 
243 
251 
266 
275 
281 
277 
271 
273 
267 
262 
277 
261 
263 
276 
276 
281 
263 
264 
239 
237 
260 
257 
249 
252 
250 
247 
254 
273 
258 
252 
255 
267 
268 
253 
253 
239 
264 
264 
254 
248 
248 
254 
262 
260 
271 
243 
247 
257 
261 
260 
268 
255 
264 
265 
258 
250 
242 
254 
251 
257 
270 
263 
248 
254 
256 
259 
233 
238 
250 
243 
266 
244 
251 
269 
274 
276 
279 
253 
262 
249 
238 
246 
249 
264 
265 
257 
249 
249 
252 
262 
269 
261 
258 
262 
266 
250 
262 
251 
247 
272 
271 
254 
260 
266 
260 
262 
248 
248 
250 
266 
261 
258 
258 
260 
248 
250 
265 
248 
250 
263 
273 
253 
252 
256 
244 
256 
261 
257 
254 
252 
263 
261 
258 
260 
263 
261 
250 
249 
265 
272 
243 
254 
246 
245 
245 
252 
257 
267 
277 
266 
248 
251 
240 
241 
244 
248 
259 
265 
256 
274 
262 
258 
249 
254 
253 
251 
256 
261 
260 
254 
261 
258 
254 
254 
272 
257 
259 
250 
250 
266 
245 
263 
250 
255 
251 
254 
261 
256 
257 
266 
264 
251 
248 
245 
262 
262 
260 
248 
252 
259 
247 
246 
262 
253 
258 
255 
262 
256 
261 
258 
261 
249 
262 
269 
255 
241 
257 
240 
239 
260 
265 
270 
270 
283 
274 
252 
241 
240 
238 
250 
242 
267 
263 
260 
257 
254 
257 
254 
257 
247 
264 
257 
246 
252 
254 
244 
249 
258 
253 
257 
253 
254 
255 
233 
246 
255 
260 
256 
259 
280 
265 
268 
256 
260 
244 
258 
256 
267 
253 
267 
273 
260 
260 
267 
253 
271 
251 
250 
256 
246 
255 
261 
267 
266 
272 
262 
269 
276 
272 
240 
252 
241 
254 
254 
244 
269 
261 
286 
260 
250 
254 
247 
237 
249 
249 
277 
278 
268 
269 
255 
258 
261 
251 
256 
261 
265 
268 
264 
259 
248 
261 
267 
261 
262 
266 
260 
275 
262 
243 
251 
269 
251 
255 
259 
269 
257 
258 
252 
270 
269 
281 
262 
250 
262 
262 
264 
267 
265 
261 
267 
269 
254 
256 
263 
260 
280 
268 
262 
264 
271 
269 
258 
257 
230 
248 
242 
241 
252 
274 
276 
287 
277 
268 
257 
254 
258 
249 
258 
264 
276 
280 
267 
259 
256 
254 
248 
255 
259 
251 
259 
263 
260 
246 
255 
256 
257 
263 
277 
263 
270 
265 
271 
260 
253 
260 
266 
260 
257 
255 
250 
271 
268 
258 
257 
257 
270 
285 
269 
253 
244 
256 
269 
270 
251 
256 
256 
260 
260 
268 
281 
273 
263 
266 
263 
268 
253 
238 
251 
259 
253 
248 
252 
254 
265 
282 
274 
269 
257 
248 
256 
244 
240 
255 
261 
270 
265 
259 
259 
253 
249 
246 
254 
271 
263 
260 
256 
261 
247 
278 
264 
271 
255 
258 
267 
248 
262 
268 
251 
252 
260 
254 
257 
271 
263 
262 
264 
269 
265 
259 
261 
262 
266 
271 
270 
261 
267 
254 
273 
262 
253 
254 
263 
262 
260 
255 
267 
244 
255 
271 
251 
245 
254 
246 
254 
260 
267 
269 
274 
285 
269 
246 
241 
248 
247 
250 
260 
269 
270 
275 
272 
263 
255 
252 
257 
261 
248 
255 
273 
256 
262 
257 
258 
264 
261 
266 
276 
275 
255 
265 
264 
247 
258 
262 
257 
258 
252 
260 
255 
257 
250 
268 
264 
264 
262 
252 
255 
252 
252 
253 
256 
256 
262 
254 
264 
256 
247 
262 
258 
264 
267 
262 
249 
248 
240 
248 
257 
256 
269 
263 
288 
278 
270 
245 
248 
247 
251 
261 
262 
268 
267 
272 
258 
256 
242 
243 
252 
260 
266 
265 
247 
273 
252 
250 
262 
265 
267 
264 
278 
270 
262 
273 
253 
259 
256 
247 
263 
258 
258 
260 
263 
260 
265 
273 
259 
263 
250 
255 
260 
261 
268 
268 
260 
262 
267 
264 
253 
270 
258 
282 
271 
245 
261 
240 
252 
237 
261 
271 
277 
266 
261 
247 
249 
258 
252 
258 
261 
274 
271 
276 
276 
261 
249 
239 
274 
251 
258 
261 
254 
255 
250 
248 
248 
250 
259 
266 
262 
255 
254 
250 
247 
257 
256 
253 
253 
252 
266 
256 
259 
269 
259 
260 
271 
247 
247 
265 
258 
251 
251 
258 
260 
263 
263 
271 
274 
266 
253 
261 
264 
247 
246 
257 
240 
254 
252 
261 
278 
281 
265 
257 
241 
257 
248 
234 
243 
255 
269 
275 
281 
258 
250 
246 
239 
253 
265 
268 
263 
240 
253 
256 
258 
247 
256 
253 
260 
269 
262 
250 
260 
250 
257 
260 
249 
253 
258 
266 
255 
258 
268 
261 
271 
249 
251 
262 
266 
261 
253 
249 
262 
265 
261 
263 
264 
268 
266 
228 
262 
250 
239 
247 
242 
264 
270 
273 
273 
264 
254 
245 
242 
257 
252 
251 
252 
276 
262 
255 
247 
243 
254 
251 
264 
261 
255 
254 
275 
255 
255 
245 
265 
262 
274 
265 
254 
256 
261 
247 
260 
258 
246 
258 
234 
261 
272 
256 
244 
266 
244 
255 
260 
257 
271 
265 
255 
259 
271 
263 
264 
254 
264 
265 
252 
259 
258 
255 
252 
251 
242 
238 
238 
246 
261 
263 
271 
282 
281 
263 
253 
252 
241 
258 
237 
259 
267 
277 
266 
265 
250 
246 
251 
245 
271 
267 
269 
252 
250 
262 
260 
265 
278 
267 
257 
270 
287 
277 
247 
266 
245 
246 
257 
258 
263 
247 
244 
243 
250 
265 
265 
263 
258 
268 
264 
267 
262 
257 
250 
262 
266 
266 
254 
253 
251 
272 
250 
249 
241 
244 
246 
251 
247 
263 
260 
258 
244 
264 
241 
244 
247 
238 
243 
263 
274 
277 
273 
269 
255 
243 
226 
225 
237 
265 
279 
290 
286 
253 
251 
229 
222 
226 
229 
229 
255 
250 
236 
226 
207 
188 
162 
156 
159 
181 
225 
255 
277 
308 
353 
356 
357 
309 
233 
187 
167 
158 
129 
111 
116 
129 
122 
131 
138 
158 
187 
211 
202 
216 
203 
174 
157 
159 
187 
208 
222 
201 
209 
196 
239 
253 
244 
218 
181 
200 
201 
237 
270 
247 
242 
250 
239 
223 
180 
133 
93 
81 
121 
163 
190 
183 
211 
234 
270 
282 
280 
292 
290 
311 
333 
354 
455 
588 
714 
739 
699 
654 
621 
565 
520 
540 
575 
657 
697 
753 
763 
756 
804 
868 
960 
1028 
1108 
1126 
1138 
1193 
1248 
1286 
1302 
1335 
1421 
1473 
1526 
1555 
1521 
1450 
1405 
1355 
1330 
1324 
1339 
1315 
1214 
1136 
1070 
938 
843 
741 
687 
677 
631 
575 
536 
487 
485 
456 
428 
395 
300 
97 
-193 
-370 
-396 
-310 
-216 
-162 
-55 
14 
18 
76 
98 
57 
-30 
-24 
38 
82 
25 
-14 
-84 
-177 
-218 
-247 
-254 
-264 
-309 
-332 
-373 
-391 
-416 
-373 
-277 
-153 
-61 
33 
115 
149 
165 
181 
249 
328 
353 
312 
248 
168 
78 
34 
5 
-21 
-48 
-84 
-68 
-52 
-27 
-14 
17 
47 
66 
86 
121 
166 
204 
214 
226 
247 
263 
280 
291 
280 
263 
269 
229 
208 
193 
164 
140 
121 
110 
99 
92 
73 
78 
42 
48 
63 
83 
75 
85 
100 
102 
104 
105 
112 
111 
101 
72 
58 
46 
14 
15 
34 
37 
35 
47 
49 
51 
83 
86 
101 
108 
117 
130 
130 
155 
145 
155 
159 
171 
189 
195 
200 
214 
211 
223 
222 
235 
233 
233 
223 
196 
202 
204 
193 
213 
218 
217 
215 
209 
200 
215 
206 
221 
203 
202 
217 
229 
225 
236 
240 
235 
244 
238 
251 
242 
239 
242 
240 
235 
231 
232 
246 
235 
216 
246 
239 
252 
257 
254 
251 
250 
248 
247 
254 
258 
258 
264 
236 
225 
229 
223 
211 
199 
204 
188 
193 
188 
186 
217 
211 
208 
208 
221 
230 
233 
231 
250 
232 
229 
239 
250 
246 
241 
231 
219 
225 
195 
189 
193 
195 
193 
196 
192 
207 
219 
222 
198 
207 
217 
213 
217 
219 
214 
227 
250 
233 
231 
242 
261 
251 
265 
246 
240 
225 
234 
235 
225 
227 
220 
212 
219 
210 
209 
213 
229 
221 
234 
222 
220 
230 
229 
235 
237 
244 
228 
248 
241 
228 
233 
250 
236 
223 
230 
237 
234 
236 
232 
232 
241 
243 
242 
250 
250 
238 
218 
241 
243 
239 
231 
233 
227 
231 
230 
227 
225 
230 
231 
226 
231 
221 
239 
251 
234 
242 
238 
243 
255 
243 
240 
245 
245 
232 
230 
227 
228 
257 
259 
251 
260 
242 
245 
228 
223 
239 
241 
243 
225 
236 
243 
242 
239 
250 
237 
227 
227 
231 
236 
229 
234 
242 
235 
245 
235 
220 
228 
235 
234 
233 
237 
235 
249 
245 
235 
232 
232 
239 
232 
231 
249 
223 
246 
229 
249 
248 
236 
240 
232 
237 
238 
234 
250 
233 
236 
235 
246 
230 
233 
246 
245 
255 
244 
230 
238 
219 
228 
222 
244 
234 
244 
251 
237 
250 
253 
253 
252 
236 
244 
249 
254 
256 
232 
223 
251 
249 
255 
269 
277 
293 
317 
316 
296 
289 
291 
286 
276 
278 
273 
267 
228 
228 
239 
244 
260 
249 
267 
291 
320 
310 
298 
301 
294 
297 
282 
267 
246 
267 
270 
260 
255 
264 
258 
262 
279 
264 
246 
255 
267 
262 
263 
262 
264 
262 
272 
280 
286 
276 
288 
293 
288 
270 
253 
272 
261 
266 
256 
273 
269 
270 
275 
276 
263 
256 
261 
266 
268 
263 
261 
273 
279 
286 
277 
296 
275 
272 
291 
283 
268 
273 
274 
277 
268 
265 
270 
257 
270 
296 
268 
266 
263 
266 
263 
273 
259 
272 
268 
261 
261 
260 
271 
266 
260 
261 
255 
237 
240 
247 
245 
271 
275 
263 
262 
274 
270 
265 
256 
251 
258 
260 
258 
271 
272 
281 
263 
259 
262 
248 
239 
260 
251 
253 
277 
275 
265 
266 
254 
266 
249 
251 
264 
272 
273 
265 
269 
251 
275 
243 
241 
262 
245 
245 
257 
248 
261 
270 
257 
263 
274 
262 
262 
248 
236 
252 
271 
266 
255 
263 
260 
266 
257 
247 
250 
252 
256 
262 
264 
272 
272 
278 
262 
271 
265 
265 
261 
247 
257 
263 
266 
257 
258 
253 
264 
243 
245 
254 
256 
262 
259 
262 
248 
273 
255 
266 
244 
239 
251 
253 
254 
232 
259 
257 
256 
259 
253 
258 
262 
254 
260 
263 
264 
258 
256 
261 
244 
252 
254 
237 
251 
255 
245 
242 
234 
249 
250 
253 
250 
231 
264 
244 
247 
250 
249 
248 
253 
257 
274 
276 
257 
260 
255 
249 
253 
231 
235 
239 
245 
252 
245 
247 
229 
250 
255 
238 
243 
260 
248 
247 
258 
267 
263 
257 
248 
254 
251 
260 
252 
239 
237 
246 
243 
238 
252 
260 
261 
254 
267 
242 
259 
253 
249 
250 
252 
243 
253 
268 
259 
252 
257 
269 
260 
255 
253 
269 
263 
249 
262 
254 
251 
245 
236 
239 
242 
235 
259 
269 
253 
249 
246 
257 
257 
241 
253 
257 
257 
251 
266 
259 
268 
260 
266 
258 
252 
247 
244 
257 
279 
258 
250 
250 
255 
260 
249 
248 
263 
255 
253 
257 
260 
266 
256 
255 
251 
264 
255 
254 
245 
251 
265 
259 
257 
254 
277 
268 
249 
258 
265 
267 
265 
252 
269 
269 
258 
268 
268 
265 
271 
241 
250 
253 
273 
267 
266 
270 
270 
265 
258 
260 
268 
256 
265 
243 
252 
248 
251 
262 
243 
249 
249 
240 
254 
245 
254 
255 
260 
251 
251 
259 
263 
256 
264 
260 
269 
254 
267 
256 
267 
250 
255 
239 
244 
252 
256 
244 
245 
237 
236 
251 
256 
245 
266 
252 
243 
240 
253 
234 
245 
240 
267 
240 
240 
220 
231 
227 
231 
229 
250 
238 
251 
250 
263 
250 
253 
262 
247 
248 
246 
271 
263 
255 
258 
238 
242 
243 
239 
223 
238 
253 
256 
262 
254 
263 
277 
276 
247 
259 
252 
256 
262 
263 
250 
247 
250 
243 
252 
257 
242 
242 
240 
260 
267 
248 
257 
261 
244 
246 
253 
252 
272 
259 
256 
241 
248 
252 
251 
242 
234 
251 
251 
248 
234 
240 
239 
237 
239 
246 
251 
249 
256 
252 
253 
245 
250 
248 
243 
246 
252 
263 
254 
266 
248 
238 
237 
252 
253 
252 
254 
254 
262 
244 
250 
264 
252 
244 
235 
249 
264 
248 
253 
249 
251 
254 
260 
245 
245 
251 
249 
254 
256 
249 
238 
246 
252 
244 
252 
261 
241 
254 
260 
249 
261 
259 
253 
257 
267 
260 
257 
258 
250 
252 
251 
243 
236 
238 
253 
264 
265 
256 
270 
264 
243 
253 
243 
239 
245 
249 
240 
255 
260 
249 
254 
250 
246 
247 
257 
260 
263 
256 
255 
265 
255 
251 
264 
251 
252 
265 
254 
255 
256 
245 
254 
252 
269 
242 
241 
245 
251 
255 
256 
243 
252 
258 
254 
250 
259 
245 
257 
242 
244 
246 
246 
240 
248 
252 
263 
259 
252 
231 
236 
226 
220 
231 
245 
239 
238 
232 
242 
250 
255 
251 
242 
250 
262 
258 
273 
265 
245 
250 
244 
251 
251 
251 
242 
235 
232 
227 
224 
226 
225 
244 
246 
259 
252 
246 
259 
262 
261 
262 
247 
229 
218 
209 
193 
186 
190 
200 
215 
228 
258 
286 
298 
293 
295 
278 
286 
282 
268 
264 
247 
268 
278 
258 
257 
264 
257 
244 
224 
226 
220 
228 
229 
241 
268 
267 
283 
279 
288 
287 
279 
299 
301 
313 
349 
361 
351 
347 
295 
254 
262 
268 
275 
275 
291 
306 
326 
340 
344 
341 
343 
338 
344 
324 
323 
293 
301 
298 
284 
284 
283 
287 
269 
290 
286 
284 
274 
272 
277 
281 
273 
267 
259 
278 
278 
269 
277 
279 
271 
262 
275 
252 
246 
241 
233 
238 
245 
267 
251 
270 
275 
274 
275 
271 
275 
294 
278 
272 
252 
265 
261 
280 
256 
254 
248 
257 
255 
260 
249 
241 
243 
238 
253 
257 
262 
271 
259 
269 
273 
273 
280 
269 
271 
278 
291 
302 
268 
277 
273 
278 
283 
279 
274 
275 
278 
267 
263 
272 
264 
266 
273 
275 
278 
268 
258 
256 
253 
262 
270 
280 
286 
299 
294 
300 
292 
275 
286 
276 
263 
271 
260 
252 
281 
271 
276 
277 
268 
270 
258 
270 
260 
271 
265 
270 
287 
276 
273 
273 
289 
279 
268 
270 
276 
268 
270 
266 
265 
264 
265 
259 
274 
283 
254 
258 
254 
271 
267 
271 
279 
267 
269 
276 
261 
265 
279 
274 
264 
245 
239 
250 
235 
252 
270 
279 
299 
290 
277 
286 
269 
272 
264 
260 
267 
278 
272 
263 
264 
275 
261 
262 
248 
255 
269 
272 
273 
255 
268 
256 
276 
286 
272 
273 
274 
281 
261 
258 
270 
263 
265 
260 
262 
264 
258 
270 
254 
258 
263 
278 
274 
273 
264 
266 
258 
260 
264 
270 
274 
262 
277 
277 
270 
257 
255 
235 
255 
254 
264 
259 
276 
271 
277 
273 
268 
262 
254 
259 
272 
260 
275 
258 
257 
266 
253 
263 
265 
261 
263 
280 
267 
277 
267 
266 
281 
270 
248 
264 
260 
261 
262 
281 
262 
255 
251 
268 
255 
257 
269 
264 
281 
265 
268 
254 
254 
267 
271 
274 
267 
265 
267 
256 
269 
277 
255 
273 
256 
264 
256 
246 
251 
241 
251 
250 
263 
282 
281 
277 
267 
276 
264 
270 
268 
254 
258 
253 
256 
257 
265 
258 
271 
267 
277 
265 
275 
268 
282 
275 
272 
280 
274 
266 
262 
261 
263 
259 
261 
265 
266 
267 
259 
265 
274 
262 
262 
255 
259 
256 
265 
270 
281 
276 
276 
268 
251 
273 
282 
280 
277 
263 
252 
269 
254 
247 
254 
260 
268 
258 
279 
288 
280 
260 
263 
272 
254 
264 
252 
264 
279 
273 
268 
245 
250 
251 
256 
255 
271 
260 
267 
277 
270 
246 
271 
255 
252 
262 
260 
246 
252 
261 
250 
264 
272 
274 
270 
265 
259 
253 
252 
240 
245 
254 
236 
237 
213 
231 
194 
229 
265 
275 
242 
215 
228 
270 
306 
269 
221 
187 
172 
181 
197 
231 
258 
292 
254 
217 
185 
137 
106 
125 
138 
170 
201 
199 
224 
256 
261 
256 
241 
230 
232 
223 
233 
240 
267 
262 
215 
168 
182 
220 
233 
243 
226 
223 
206 
208 
207 
212 
213 
204 
219 
214 
223 
226 
223 
195 
190 
177 
178 
180 
154 
138 
150 
126 
115 
108 
107 
107 
112 
149 
143 
162 
159 
184 
196 
233 
257 
289 
317 
348 
359 
372 
380 
364 
358 
357 
340 
285 
283 
271 
258 
242 
257 
264 
271 
270 
253 
227 
245 
250 
264 
281 
297 
306 
292 
277 
276 
266 
244 
233 
240 
218 
209 
185 
188 
196 
203 
209 
212 
212 
250 
288 
298 
281 
255 
249 
246 
222 
204 
207 
207 
204 
215 
234 
244 
215 
222 
207 
194 
191 
184 
178 
161 
130 
139 
144 
181 
189 
195 
185 
165 
172 
178 
170 
187 
187 
210 
235 
252 
256 
284 
314 
346 
345 
366 
378 
374 
362 
384 
368 
369 
375 
376 
359 
321 
313 
272 
269 
284 
286 
302 
336 
339 
342 
357 
344 
337 
318 
322 
309 
305 
304 
295 
292 
264 
256 
242 
237 
217 
196 
199 
224 
232 
277 
287 
296 
287 
303 
303 
314 
296 
295 
267 
289 
279 
287 
283 
271 
281 
283 
295 
283 
294 
303 
298 
314 
279 
305 
297 
299 
300 
290 
281 
275 
267 
255 
272 
264 
260 
275 
253 
256 
268 
268 
260 
254 
263 
259 
276 
294 
300 
317 
306 
284 
295 
291 
306 
299 
286 
308 
290 
279 
286 
282 
290 
261 
273 
305 
289 
303 
301 
330 
314 
309 
304 
288 
285 
277 
268 
254 
250 
256 
269 
271 
270 
253 
247 
245 
258 
250 
266 
260 
271 
273 
270 
283 
241 
257 
250 
259 
262 
271 
297 
287 
282 
283 
282 
288 
284 
293 
284 
299 
295 
302 
276 
286 
283 
276 
282 
287 
293 
300 
296 
302 
297 
299 
303 
296 
286 
295 
289 
300 
291 
290 
286 
299 
290 
285 
285 
270 
287 
268 
278 
269 
271 
276 
274 
280 
294 
296 
283 
292 
286 
281 
266 
277 
269 
259 
268 
269 
276 
289 
283 
278 
274 
278 
271 
287 
281 
279 
275 
274 
264 
273 
255 
273 
272 
270 
283 
271 
280 
271 
285 
267 
269 
281 
278 
281 
288 
297 
285 
281 
283 
293 
291 
293 
276 
274 
282 
268 
278 
280 
276 
280 
282 
276 
273 
282 
285 
285 
280 
289 
289 
288 
283 
294 
284 
270 
258 
267 
286 
282 
282 
280 
313 
300 
293 
295 
273 
280 
282 
272 
279 
291 
281 
279 
277 
285 
276 
262 
267 
282 
278 
290 
278 
296 
282 
284 
282 
290 
281 
291 
296 
279 
271 
276 
272 
268 
277 
278 
275 
290 
276 
281 
284 
274 
282 
274 
276 
283 
277 
281 
289 
272 
275 
270 
296 
283 
282 
289 
295 
291 
287 
265 
263 
274 
271 
265 
296 
297 
290 
284 
282 
281 
262 
278 
276 
269 
284 
286 
299 
283 
276 
266 
263 
266 
288 
277 
274 
278 
293 
287 
289 
293 
285 
285 
288 
279 
284 
291 
283 
271 
267 
278 
281 
279 
264 
274 
269 
288 
283 
273 
282 
281 
265 
265 
278 
285 
295 
291 
283 
287 
260 
272 
269 
278 
278 
274 
268 
267 
269 
272 
278 
289 
285 
301 
297 
280 
280 
270 
276 
269 
268 
290 
301 
287 
277 
254 
265 
265 
279 
275 
294 
306 
291 
276 
265 
289 
291 
295 
291 
285 
283 
281 
266 
260 
285 
271 
284 
276 
279 
276 
272 
265 
274 
272 
279 
275 
268 
272 
267 
277 
286 
291 
281 
283 
273 
274 
298 
290 
274 
271 
278 
287 
280 
268 
270 
264 
267 
275 
282 
271 
285 
283 
288 
280 
275 
282 
274 
273 
280 
282 
278 
284 
274 
266 
272 
288 
276 
294 
283 
288 
269 
270 
270 
285 
274 
287 
288 
286 
293 
282 
274 
274 
271 
274 
290 
285 
290 
283 
286 
278 
273 
263 
264 
278 
278 
282 
272 
272 
274 
284 
275 
278 
275 
275 
281 
276 
270 
284 
272 
292 
288 
288 
265 
262 
281 
271 
263 
280 
295 
291 
302 
289 
280 
282 
276 
287 
277 
264 
287 
288 
290 
289 
262 
280 
268 
272 
274 
276 
273 
287 
280 
287 
279 
281 
294 
295 
293 
271 
268 
267 
255 
264 
258 
274 
253 
247 
239 
252 
247 
226 
238 
245 
245 
225 
234 
241 
243 
248 
244 
249 
252 
238 
231 
244 
249 
256 
248 
244 
233 
243 
250 
253 
258 
251 
269 
261 
266 
274 
267 
266 
275 
272 
258 
260 
266 
281 
283 
267 
270 
258 
261 
255 
239 
241 
245 
245 
258 
260 
234 
262 
275 
238 
249 
266 
258 
257 
259 
277 
280 
272 
269 
262 
263 
271 
258 
255 
260 
251 
246 
238 
239 
237 
238 
247 
267 
264 
277 
285 
289 
319 
302 
326 
322 
305 
283 
278 
258 
285 
245 
249 
260 
264 
268 
276 
279 
276 
279 
285 
278 
279 
279 
279 
299 
286 
278 
275 
275 
283 
272 
273 
270 
267 
273 
278 
286 
277 
269 
267 
267 
273 
260 
266 
273 
270 
268 
272 
274 
274 
281 
277 
269 
270 
288 
260 
257 
267 
257 
251 
252 
255 
264 
266 
257 
265 
272 
270 
266 
254 
265 
287 
274 
275 
270 
261 
263 
252 
262 
283 
281 
289 
282 
289 
287 
278 
278 
288 
289 
294 
299 
278 
278 
282 
272 
269 
274 
275 
296 
282 
288 
292 
289 
299 
285 
278 
292 
280 
283 
294 
278 
277 
283 
289 
299 
295 
305 
322 
305 
295 
275 
269 
256 
257 
266 
285 
276 
271 
271 
274 
273 
263 
266 
254 
253 
274 
279 
262 
282 
284 
284 
267 
260 
282 
279 
280 
284 
278 
287 
284 
283 
279 
268 
286 
279 
265 
299 
271 
284 
271 
274 
272 
286 
288 
290 
290 
289 
294 
292 
280 
287 
293 
283 
282 
286 
276 
290 
284 
286 
283 
280 
273 
265 
282 
280 
289 
278 
266 
272 
292 
289 
280 
269 
276 
258 
282 
291 
283 
298 
300 
288 
292 
278 
292 
279 
287 
275 
299 
300 
304 
282 
278 
273 
284 
289 
272 
271 
276 
283 
262 
274 
256 
272 
263 
279 
292 
281 
281 
274 
268 
271 
290 
285 
302 
304 
294 
272 
277 
265 
287 
298 
290 
295 
278 
277 
256 
273 
266 
273 
267 
270 
273 
277 
267 
278 
284 
285 
268 
286 
299 
297 
292 
287 
268 
289 
285 
289 
295 
302 
299 
304 
297 
299 
286 
285 
302 
302 
305 
296 
291 
283 
284 
280 
277 
292 
292 
294 
299 
293 
281 
279 
286 
284 
289 
292 
301 
274 
276 
264 
266 
279 
269 
252 
252 
257 
258 
272 
270 
277 
278 
289 
279 
284 
281 
283 
274 
289 
287 
285 
274 
269 
279 
288 
292 
309 
305 
303 
296 
293 
288 
266 
260 
267 
262 
272 
259 
276 
284 
273 
289 
287 
281 
271 
259 
269 
251 
260 
261 
263 
275 
270 
283 
289 
309 
287 
261 
235 
228 
246 
243 
247 
260 
281 
283 
274 
269 
276 
267 
252 
245 
251 
258 
251 
196 
211 
230 
231 
205 
152 
164 
183 
161 
156 
140 
141 
126 
98 
69 
67 
141 
165 
75 
30 
32 
48 
27 
-9 
-46 
-10 
-11 
-61 
-100 
-76 
-56 
-113 
-73 
12 
-73 
-117 
-47 
-42 
-24 
3 
-19 
-66 
36 
-31 
-47 
-12 
-84 
-41 
-34 
-6 
-7 
2 
-15 
-29 
2 
-14 
25 
10 
63 
9 
49 
40 
76 
22 
35 
55 
44 
23 
30 
79 
71 
15 
69 
132 
119 
100 
106 
81 
71 
109 
99 
121 
90 
176 
159 
207 
183 
142 
157 
176 
185 
190 
181 
111 
26 
57 
42 
54 
56 
69 
85 
44 
33 
59 
69 
98 
107 
112 
90 
126 
127 
114 
83 
58 
64 
128 
92 
146 
112 
137 
138 
119 
96 
70 
71 
104 
125 
132 
118 
145 
122 
164 
203 
212 
275 
386 
299 
159 
71 
183 
222 
154 
167 
245 
330 
305 
339 
296 
271 
281 
293 
310 
284 
326 
313 
313 
347 
320 
355 
363 
383 
352 
327 
296 
314 
313 
312 
307 
280 
269 
251 
49 
-109 
-50 
119 
123 
27 
-71 
-91 
-27 
23 
27 
61 
65 
58 
59 
36 
68 
71 
40 
46 
21 
14 
56 
54 
49 
7 
-4 
-28 
-51 
-45 
-21 
-16 
-38 
-37 
-39 
-48 
-3 
-2 
0 
17 
45 
40 
12 
1 
-3 
22 
22 
24 
29 
25 
18 
18 
-11 
-2 
7 
2 
27 
39 
27 
21 
5 
36 
24 
27 
29 
49 
60 
46 
44 
45 
64 
48 
23 
54 
65 
76 
105 
103 
115 
107 
104 
96 
82 
69 
74 
83 
94 
112 
101 
97 
85 
68 
55 
50 
68 
83 
107 
110 
107 
105 
112 
136 
142 
153 
161 
160 
145 
116 
128 
129 
120 
126 
120 
122 
111 
121 
144 
125 
133 
130 
123 
129 
140 
140 
144 
140 
139 
116 
123 
116 
120 
97 
120 
135 
145 
146 
140 
149 
131 
125 
132 
129 
131 
119 
127 
121 
141 
147 
124 
123 
106 
111 
118 
122 
129 
124 
127 
136 
136 
133 
139 
157 
144 
128 
129 
140 
131 
132 
122 
121 
115 
122 
111 
117 
126 
134 
119 
126 
129 
136 
119 
134 
123 
131 
123 
130 
130 
126 
148 
131 
137 
144 
144 
141 
126 
112 
132 
117 
115 
88 
121 
148 
138 
135 
140 
124 
121 
131 
131 
124 
121 
130 
133 
138 
140 
116 
124 
109 
107 
121 
122 
140 
120 
110 
101 
123 
134 
130 
139 
132 
125 
129 
129 
112 
112 
119 
125 
128 
131 
130 
126 
133 
130 
134 
145 
140 
128 
126 
123 
116 
122 
137 
133 
130 
132 
126 
138 
118 
116 
136 
111 
119 
129 
138 
133 
109 
126 
115 
129 
141 
153 
154 
166 
160 
136 
140 
151 
138 
134 
140 
141 
128 
137 
138 
144 
127 
123 
133 
141 
139 
130 
129 
143 
136 
138 
144 
143 
136 
153 
146 
152 
144 
144 
135 
117 
130 
139 
125 
119 
137 
122 
117 
123 
145 
140 
147 
134 
142 
128 
134 
137 
140 
147 
147 
116 
139 
170 
155 
168 
136 
152 
133 
131 
120 
127 
139 
155 
165 
141 
149 
154 
135 
150 
155 
128 
137 
142 
162 
154 
132 
138 
145 
144 
139 
142 
148 
164 
180 
148 
172 
157 
152 
155 
142 
168 
152 
175 
172 
180 
182 
155 
141 
140 
180 
172 
230 
181 
195 
192 
182 
169 
158 
230 
128 
185 
202 
204 
203 
203 
213 
199 
197 
214 
244 
274 
277 
260 
249 
297 
289 
230 
188 
177 
177 
202 
204 
193 
234 
254 
192 
241 
158 
154 
202 
239 
264 
264 
317 
295 
330 
291 
368 
325 
262 
216 
186 
251 
282 
284 
278 
219 
220 
228 
278 
276 
269 
292 
286 
314 
324 
303 
296 
264 
273 
292 
343 
226 
203 
192 
188 
205 
265 
257 
243 
227 
233 
223 
274 
251 
255 
241 
245 
240 
233 
208 
184 
121 
148 
250 
215 
201 
203 
215 
187 
196 
469 
154 
192 
172 
202 
173 
214 
178 
209 
221 
193 
181 
193 
201 
216 
192 
205 
199 
207 
211 
192 
205 
196 
203 
204 
196 
220 
191 
205 
207 
298 
256 
244 
249 
153 
145 
147 
309 
286 
192 
214 
232 
232 
239 
259 
269 
253 
246 
241 
246 
244 
245 
248 
247 
243 
249 
243 
241 
225 
229 
226 
238 
235 
236 
247 
253 
237 
377 
165 
258 
244 
239 
207 
237 
217 
259 
248 
201 
209 
205 
221 
290 
233 
191 
236 
217 
237 
220 
234 
247 
236 
219 
250 
199 
210 
172 
204 
212 
229 
212 
186 
174 
166 
174 
179 
190 
190 
174 
178 
162 
182 
207 
181 
195 
172 
185 
162 
182 
201 
197 
144 
211 
199 
182 
174 
204 
259 
275 
255 
184 
202 
145 
110 
119 
175 
216 
203 
195 
244 
231 
234 
214 
205 
211 
180 
172 
200 
235 
86 
289 
677 
-300 
47 
60 
452 
415 
330 
260 
259 
263 
220 
136 
138 
151 
160 
199 
215 
211 
187 
232 
270 
226 
246 
255 
270 
314 
297 
278 
252 
229 
249 
219 
229 
247 
293 
284 
285 
305 
294 
298 
273 
235 
214 
223 
238 
254 
277 
271 
289 
285 
285 
289 
294 
305 
319 
318 
314 
317 
308 
321 
314 
315 
310 
315 
320 
330 
324 
326 
312 
334 
321 
334 
310 
314 
333 
322 
318 
316 
315 
319 
319 
329 
342 
328 
330 
343 
335 
329 
343 
330 
342 
330 
325 
319 
319 
319 
325 
327 
352 
340 
334 
341 
334 
315 
329 
319 
322 
319 
331 
352 
338 
332 
337 
332 
319 
332 
353 
341 
329 
324 
333 
341 
344 
336 
331 
336 
351 
341 
340 
336 
328 
338 
330 
339 
334 
328 
339 
354 
342 
338 
342 
339 
332 
328 
333 
339 
345 
335 
349 
330 
350 
342 
335 
338 
362 
350 
351 
328 
327 
333 
341 
334 
338 
343 
345 
362 
361 
351 
364 
348 
351 
343 
335 
356 
358 
352 
352 
348 
343 
347 
336 
364 
348 
362 
363 
360 
368 
345 
352 
361 
364 
355 
370 
368 
341 
347 
363 
355 
369 
352 
360 
366 
368 
366 
364 
354 
371 
357 
356 
354 
357 
364 
369 
372 
365 
348 
360 
381 
370 
366 
381 
361 
358 
367 
360 
346 
354 
375 
368 
361 
358 
341 
346 
353 
352 
363 
362 
377 
368 
392 
370 
365 
346 
360 
368 
354 
371 
383 
367 
374 
370 
364 
358 
361 
356 
354 
369 
352 
350 
357 
349 
356 
358 
365 
370 
389 
392 
384 
377 
384 
380 
383 
366 
350 
340 
359 
387 
361 
331 
352 
359 
370 
379 
414 
412 
397 
381 
382 
375 
386 
401 
404 
392 
386 
371 
351 
366 
380 
430 
435 
421 
389 
369 
367 
384 
371 
392 
393 
400 
411 
417 
410 
394 
378 
401 
376 
357 
361 
375 
396 
411 
419 
440 
405 
453 
445 
435 
418 
349 
324 
212 
190 
209 
147 
195 
202 
264 
288 
280 
332 
312 
311 
255 
265 
235 
153 
216 
433 
775 
1087 
1086 
884 
765 
434 
175 
27 
-11 
39 
65 
63 
64 
-12 
-106 
-217 
-323 
-341 
-356 
-358 
-424 
-527 
-533 
-652 
-688 
-706 
-797 
-798 
-848 
-1003 
-1028 
-1102 
-1186 
-1231 
-1220 
-1233 
-1199 
-1182 
-1146 
-1064 
-1071 
-1052 
-1033 
-943 
-945 
-1186 
-1339 
-1384 
-1418 
-1499 
-1522 
-1690 
-1773 
-1727 
-1923 
-2058 
-2171 
-1887 
-1810 
-1865 
-1889 
-1928 
-2020 
-2144 
-1949 
-1958 
-2716 
-2763 
-2176 
-2124 
-2390 
-2422 
-2327 
-2348 
-2472 
-2518 
-2621 
-2658 
-2658 
-2418 
-2413 
-2574 
-2550 
-2465 
-2296 
-2659 
-2338 
-1930 
-2237 
-2215 
-2098 
-1970 
-1900 
-1851 
-1873 
-1922 
-1872 
-1807 
-1759 
-1783 
-1784 
-1593 
-1592 
-1638 
-1574 
-1604 
-1555 
-1639 
-1687 
-1690 
-1641 
-1677 
-1650 
-1682 
-1783 
-1877 
-1881 
-1844 
-1849 
-1882 
-1881 
-1609 
-1419 
-1686 
-2148 
-2388 
-2348 
-2021 
-1811 
-1580 
-1529 
-1568 
-1695 
-1742 
-2007 
-2182 
-2238 
-2132 
-1952 
-2079 
-2089 
-2245 
-2368 
-2356 
-2558 
-2437 
-2507 
-2509 
-2688 
-2790 
-2850 
-3061 
-3223 
-3211 
-3131 
-3058 
-3067 
-3085 
-3180 
-3229 
-3206 
-3248 
-3326 
-3400 
-3534 
-3647 
-3817 
-3780 
-3722 
-3814 
-3993 
-4102 
-4078 
-3993 
-3944 
-3936 
-3943 
-4040 
-4107 
-4151 
-4076 
-3907 
-3744 
-3559 
-3433 
-3557 
-3699 
-3430 
-3402 
-3387 
-3413 
-3454 
-3487 
-3497 
-3479 
-3508 
-3632 
-3616 
-3618 
-3571 
-3750 
-3980 
-4009 
-4084 
-4067 
-4024 
-4038 
-3957 
-3908 
-3524 
-3556 
-3921 
-4978 
-4926 
-4086 
-3770 
-4085 
-4331 
-4215 
-4243 
-4205 
-3940 
-3568 
-3701 
-3883 
-3880 
-3772 
-3621 
-3678 
-3744 
-3596 
-3534 
-3496 
-3623 
-3962 
-3960 
-3504 
-3457 
-3701 
-3747 
-3831 
-3768 
-3280 
-2771 
-2706 
-3217 
-3446 
-3660 
-3357 
-3190 
-3269 
-3304 
-3463 
-3393 
-3429 
-3400 
-3357 
-3487 
-3370 
-3306 
-3290 
-3240 
-3082 
-3063 
-3035 
-2833 
-2592 
-2400 
-2561 
-2598 
-2439 
-2354 
-2363 
-2526 
-2431 
-2368 
-2328 
-2396 
-2328 
-2421 
-2693 
-2645 
-2673 
-2578 
-2493 
-2445 
-2395 
-2526 
-2560 
-2517 
-2551 
-2530 
-2529 
-2589 
-2457 
-2435 
-2525 
-2571 
-2495 
-2300 
-2333 
-2418 
-2291 
-2342 
-2365 
-2408 
-2360 
-2387 
-2357 
-2380 
-2277 
-2319 
-2443 
-2489 
-2655 
-2687 
-2564 
-2323 
-2243 
-2263 
-2277 
-2982 
-1265 
-2364 
-1996 
-2261 
-2314 
-2395 
-2282 
-2352 
-2489 
-2434 
-2491 
-2523 
-2565 
-2465 
-2363 
-3794 
-2933 
-1417 
-701 
-588 
-846 
-1148 
-1814 
-2549 
-2963 
-3371 
-3528 
-3264 
-2577 
-1797 
-1024 
-44 
219 
438 
106 
-189 
-388 
-269 
-431 
-432 
-271 
-211 
-72 
83 
361 
630 
1356 
2823 
2608 
6955 
5307 
3801 
2274 
201 
112 
-775 
-1373 
-3620 
543 
2965 
2126 
1604 
174 
1804 
3944 
2976 
2810 
1552 
1110 
1559 
2827 
2816 
1329 
5185 
7120 
4595 
2637 
3047 
2921 
2061 
2868 
3481 
3424 
2555 
1888 
1878 
2674 
3521 
3064 
2763 
2826 
2818 
2668 
2343 
2300 
2356 
2522 
2445 
2312 
2402 
2550 
2620 
2600 
2660 
2942 
3356 
3497 
3345 
3301 
3427 
3532 
3355 
3245 
3288 
3415 
3464 
3423 
3332 
3365 
3396 
3408 
3392 
3380 
3362 
3286 
3295 
3325 
3459 
3555 
3580 
3535 
3544 
3556 
3529 
3523 
3511 
3415 
3374 
3313 
3095 
2915 
2819 
2625 
2542 
2398 
2176 
2256 
2208 
2087 
1920 
1740 
1582 
1531 
1544 
1187 
1748 
1561 
1453 
1390 
1364 
1262 
1265 
1891 
1280 
1125 
1128 
891 
783 
721 
540 
558 
735 
735 
410 
375 
469 
241 
112 
214 
306 
56 
90 
-33 
-11 
-71 
401 
793 
475 
397 
389 
390 
147 
-364 
-671 
-760 
-576 
-600 
-677 
-725 
-770 
-935 
-1081 
-1210 
-1300 
-1432 
-1466 
-1390 
-1364 
-1416 
-1476 
-1482 
-1435 
-1403 
-1469 
-1488 
-1454 
-1412 
-1402 
-1367 
-1337 
-1358 
-1404 
-1386 
-1377 
-1440 
-1454 
-1448 
-1488 
-1590 
-1695 
-1727 
-1660 
-1613 
-1564 
-1543 
-1581 
-1647 
-1721 
-1600 
-1619 
-1646 
-1634 
-1484 
-1494 
-1600 
-1673 
-1644 
-1572 
-1535 
-1579 
-1655 
-1628 
-1618 
-1660 
-1595 
-1568 
-1622 
-1720 
-1687 
-1674 
-1660 
-1597 
-1541 
-1591 
-1632 
-1653 
-1674 
-1654 
-1645 
-1599 
-1589 
-1657 
-1695 
-1666 
-1664 
-1660 
-1700 
-1687 
-1688 
-1662 
-1628 
-1659 
-1619 
-1538 
-1573 
-1626 
-1575 
-1487 
-1437 
-1590 
-1715 
-1654 
-1564 
-1551 
-1556 
-1599 
-1577 
