-2.29839704222e-12 
-408.160860621 
-818.605684555 
-1236.95991126 
-1647.05194654 
-2018.25476892 
-2319.65621079 
-2522.18080183 
-2600.78876438 
-2536.60489649 
-2318.82096678 
-1946.2163912 
-1428.15424907 
-784.933290434 
-47.4108555124 
744.144885128 
1541.96450696 
2293.38539824 
2944.04003142 
3441.45456476 
3738.84365518 
3798.85426694 
3596.9926581 
3124.46722579 
2390.19710737 
1421.77279316 
265.209601804 
-1016.59457603 
-2346.70296019 
-3638.20023675 
-4799.29258364 
-5739.18266767 
-6374.3783462 
-6635.0346979 
-6470.89298115 
-5856.37163215 
-4794.38634139 
-3318.52954872 
-1493.32319546 
587.631135227 
2805.64903999 
5023.00619262 
7090.77655031 
8858.07069531 
10184.400619 
10947.0067501 
11050.7622722 
10437.1279787 
9091.14761994 
7045.97405484 
4384.41706573 
1237.21680918 
-2222.16890019 
-5785.93140396 
-9223.29117621 
-12294.4525468 
-14766.1857085 
-16427.8428697 
-17107.3192254 
-16685.912613 
-15096.739945 
-12351.6850092 
-8544.21448349 
-3847.96944463 
1489.94446042 
7160.65039229 
12809.9700945 
18059.0388405 
22527.4063083 
25858.0258061 
27743.4544785 
27949.4101322 
26337.6013755 
22882.4651119 
17680.2521138 
10951.1587575 
3033.19469926 
-5632.35940638 
-14523.2453253 
-23057.2513383 
-30638.6811596 
-36695.3640576 
-40717.5628827 
-42295.8151066 
-41154.8368023 
-37180.9675221 
-30440.8134863 
-21189.0175322 
-9864.22880761 
2927.43765001 
16441.0673508 
29832.4581156 
42207.0928406 
52675.7811226 
60413.6981514 
64719.0726951 
65067.6546077 
61159.3877697 
52951.4633767 
40681.9440178 
24873.0667545 
6316.35189648 
-13960.418795 
-34743.8241872 
-54701.0674348 
-72458.3622648 
-86687.2068244 
-96193.6532315 
-100005.060243 
-97448.6763178 
-88216.5459787 
-72411.6931663 
-50571.5152199 
-23665.35399 
6935.2309049 
39513.5064994 
72090.1362242 
102527.941966 
128653.890156 
148392.106657 
159900.623596 
161703.989636 
152813.694624 
132828.610804 
102008.471035 
61314.5775428 
12413.5425708 
-42358.1711717 
-100069.022924 
-157304.391266 
-210311.486376 
-255170.77589 
-287985.884969 
-305082.504428 
-303206.010852 
-279707.193398 
-232705.81151 
-161222.522973 
-65271.2236895 
54094.3036446 
194783.190194 
353720.943764 
526952.066584 
709787.752719 
896991.967982 
1082997.20478 
1262139.41014 
1428900.49312 
1578146.27853 
1705347.91726 
1806775.53202 
1879654.37894 
1922275.6621 
1934056.63215 
1915547.19788 
1868383.19281 
1795189.23362 
1699436.73955 
1585265.05797 
1457275.42104 
1320308.90204 
1179220.07824 
1038658.20254 
902867.032214 
775513.170832 
659551.041387 
557130.331247 
469549.271133 
397254.47781 
339885.446469 
296359.302545 
264989.316047 
243628.970121 
229832.172165 
221019.598921 
214641.195757 
208325.473205 
200007.326777 
188027.855082 
171201.47331 
148847.904258 
120788.885806 
87311.6593824 
49103.2905431 
7161.63832292 
-37309.9744128 
-83016.4875904 
-128685.091267 
-173171.543948 
-215551.700656 
-255192.269483 
-291796.472441 
-325421.979123 
-356470.528721 
-385650.517124 
-413915.668777 
-442384.512801 
-472246.57556 
-504662.038766 
-540662.017626 
-581056.464714 
-626356.164526 
-676714.283478 
-731891.617005 
-791248.072802 
-853761.235746 
-918070.999176 
-982547.649561 
-1045379.2004 
-1104672.55463 
-1158562.22003 
-1205319.80248 
-1243457.44837 
-1271818.83702 
-1289652.05128 
-1296659.83973 
-1293024.15073 
-1279403.40912 
-1256902.67372 
-1227018.4233 
-1191561.26511 
-1152561.12185 
-1112160.4512 
-1072501.74555 
-1035615.75399 
-1003316.81615 
-977111.152974 
-958123.098529 
-947043.138499 
-944100.507346 
-949061.223406 
-961251.16195 
-979602.404557 
-1002719.70225 
-1028962.8484 
-1056539.97286 
-1083606.22695 
-1108362.23865 
-1129146.85457 
-1144519.17529 
-1153325.72348 
-1154749.51553 
-1148338.9837 
-1134015.92331 
-1112062.84238 
-1083091.30674 
-1047993.78602 
-1007882.57559 
-964019.690301 
-917742.512011 
-870388.809339 
-823226.109868 
-777388.949261 
-733827.307981 
-693268.639379 
-656194.865659 
-622834.761671 
-593171.378445 
-566963.217773 
-543777.117746 
-523030.283072 
-504038.367405 
-486066.461027 
-468379.723601 
-450290.644199 
-431200.308251 
-410631.544955 
-388252.416695 
-363889.224204 
-337528.840086 
-309310.898863 
-279510.93892 
-248516.043397 
-216794.995928 
-184865.000953 
-153257.423964 
-122484.62302 
-93009.869792 
-65222.0374396 
-39416.3312301 
-15781.931778 
5603.13126702 
24769.9984453 
41850.4399192 
57062.6489353 
70692.6560197 
83072.7685214 
94558.5574712 
105505.904679 
116249.536806 
127084.307409 
138250.192157 
149921.673225 
162201.924119 
175121.808946 
188643.468901 
202667.909285 
217045.890825 
231591.181425 
246095.169161 
260341.839971 
273751.56534 
286572.96316 
298629.426703 
309801.152549 
320020.688307 
329261.070638 
337534.752129 
344890.125148 
351406.013477 
357184.645311 
362343.692488 
367007.937864 
371301.170934 
375338.793317 
379221.606212 
383031.074555 
386826.271042 
390642.58231 
394492.100559 
398365.553727 
402235.500231 
406060.502616 
409789.849647 
413368.488713 
416741.795332 
419859.844275 
422680.928598 
425174.12079 
427320.754063 
429114.84406 
430562.44337 
431680.123121 
432492.70681 
433030.54419 
433326.555095 
433413.29672 
433320.308581 
433071.895692 
432685.570029 
432171.191689 
431530.858854 
430759.546292 
429846.374351 
428778.413781 
427539.68577 
426113.606081 
424485.577371 
422645.155716 
420587.763459 
418315.811549 
415839.12654 
413174.627792 
410345.447109 
407379.410657 
404306.858512 
401158.203045 
397961.577883 
394740.258523 
391510.048 
388289.81834 
385081.201449 
381870.569753 
378630.828589 
375323.865979 
371903.322538 
368317.786794 
364514.388449 
360442.096794 
356055.281696 
351318.107899 
346207.375436 
340717.109576 
334860.857056 
328671.714644 
322201.853694 
315520.81997 
308712.774403 
301872.97364 
295110.993891 
288533.886132 
282243.08758 
276330.426575 
270873.945934 
265934.081464 
261550.389443 
257739.156376 
254492.20458 
251776.703204 
249536.183839 
247692.653813 
246149.526629 
244795.725378 
243510.620557 
242169.444959 
240648.905521 
238832.66323 
236616.703208 
233912.257105 
230652.942007 
226797.148569 
222329.403663 
217260.867157 
211628.518022 
205492.946128 
198935.15796 
192052.522826 
184953.989443 
177754.800092 
170570.991272 
163513.914867 
156685.114277 
150171.789399 
144043.070891 
138347.27335 
133110.272647 
128335.023409 
124002.253935 
120072.230094 
116487.526244 
113176.579814 
110057.850782 
107044.357039 
104048.304699 
100985.613294 
97780.0659042 
94366.8869958 
90695.5921042 
86731.9999358 
82459.2899593 
77878.1134689 
73005.8103295 
67874.7811264 
62530.1476625 
57026.8536441 
51426.4314267 
45793.5569592 
40192.642289 
34684.6239218 
29324.1335745 
24157.1767524 
19219.4096996 
14535.0802156 
10116.7006829 
5965.34161748 
2071.56578543 
-1583.12068057 
-5024.42716366 
-8283.13419443 
-11392.8441375 
-14387.7441642 
-17300.4966975 
-20160.4097056 
-22991.9519958 
-25813.7168191 
-28637.8199313 
-31469.7813943 
-34308.8553624 
-37148.7406963 
-39978.6287633 
-42784.4683438 
-45550.3893671 
-48260.1205859 
-50898.3746426 
-53452.0566589 
-55911.2354871 
-58269.8376185 
-60526.0102208 
-62682.1508646 
-64744.6038286 
-66723.0619095 
-68629.7509493 
-70478.4067453 
-72283.1525955 
-74057.367767 
-75812.6073755 
-77557.6321209 
-79297.660349 
-81033.8281224 
-82762.9056542 
-84477.3379864 
-86165.5393942 
-87812.4208457 
-89400.1660595 
-90909.164592 
-92319.0635562 
-93609.8490737 
-94762.9418682 
-95762.1939321 
-96594.7499543 
-97251.7186573 
-97728.6517242 
-98025.7528536 
-98147.8668942 
-98104.2181498 
-97907.9445327 
-97575.4543505 
-97125.6581862 
-96579.0790085 
-95956.9680758 
-95280.3942709 
-94569.3785939 
-93842.0685129 
-93114.1676208 
-92398.4826557 
-91704.6819948 
-91039.1564265 
-90405.1158593 
-89802.8078123 
-89229.8694076 
-88681.7930572 
-88152.4727017 
-87634.773229 
-87121.1107268 
-86603.9996068 
-86076.5514637 
-85532.8646924 
-84968.3366777 
-84379.8524551 
-83765.8620814 
-83126.3739482 
-82462.8227225 
-81777.864195 
-81075.1232963 
-80358.8736141 
-79633.7222885 
-78904.2966307 
-78174.9275505 
-77449.3410116 
-76730.5551352 
-76020.7596304 
-75321.2182704 
-74632.2429833 
-73953.2435498 
-73282.7988758 
-72618.8085223 
-71958.6535198 
-71299.3700227 
-70637.8562698 
-69971.0452685 
-69296.0661372 
-68610.3877362 
-67911.9217092 
-67199.1100152 
-66470.9350776 
-65726.9417715 
-64967.1192349 
-64191.8503774 
-63401.7717938 
-62597.9328316 
-61781.4407483 
-60953.3969661 
-60114.7567437 
-59266.2973304 
-58408.6946947 
-57542.6332889 
-56668.8031149 
-55787.9401834 
-54900.8526264 
-54008.4336226 
-53111.7377128 
-52211.9914063 
-51310.6469358 
-50409.4011708 
-49510.1956572 
-48615.1867731 
-47726.7282135 
-46847.3168208 
-45979.5199757 
-45125.8874373 
-44288.8499413 
-43470.6191651 
-42673.072722 
-41897.6825475 
-41145.3706805 
-40416.5051765 
-39710.9036733 
-39027.8489539 
-38366.149456 
-37724.1940604 
-37100.0658092 
-36491.65329 
-35896.7742685 
-35313.3055062 
-34739.3287445 
-34173.2574303 
-33613.9273521 
-33060.6703728 
-32513.365749 
-31972.4548483 
-31438.8959747 
-30914.093596 
-30399.8071966 
-29898.0094925 
-29410.7387599 
-28939.9082908 
-28487.136246 
-28053.5826731 
-27639.7896841 
-27245.5857392 
-26869.9960419 
-26511.2223694 
-26166.6581292 
-25832.9777347 
-25506.2511437 
-25182.1264651 
-24856.0323743 
-24523.4304535 
-24180.0564956 
-23822.186894 
-23446.8736512 
-23052.1419201 
-22637.1493165 
-22202.2868813 
-21749.2202209 
-21280.8414859 
-20801.1555016 
-20315.099042 
-19828.2869841 
-19346.7147625 
-18876.4372535 
-18423.2303988 
-17992.2385878 
-17587.6782428 
-17212.5719074 
-16868.5527992 
-16555.7714749 
-16272.8444574 
-16016.9399715 
-15783.9661546 
-15568.8316832 
-15365.8043493 
-15168.9135912 
-14972.4396567 
-14771.3744905 
-14561.8859105 
-14341.74373 
-14110.651463 
-13870.5156838 
-13625.5500463 
-13382.3018356 
-13149.4927883 
-12937.7318621 
-12759.0965156 
-12626.598388 
-12553.5133244 
-12552.6773057 
-12635.7045537 
-12812.2332362 
-13089.1909282 
-13470.1419529 
-13954.758621 
-14538.4154467 
-15211.9959543 
-15961.8572583 
-16770.0252931 
-17614.5787267 
-18470.2314433 
-19309.1139637 
-20101.6728864 
-20817.6797166 
-21427.3394295 
-21902.4092713 
-22217.2776108 
-22349.9887228 
-22283.1458136 
-22004.6537114 
-21508.2779597 
-20793.9668133 
-19867.9586036 
-18742.6397157 
-17436.174498 
-15971.9166704 
-14377.6272692 
-12684.518431 
-10926.1807052 
-9137.47224803 
-7353.3136604 
-5607.55977077 
-3931.89645365 
-2354.86703742 
-901.038600549 
409.669318917 
1562.44290072 
2547.85805993 
3361.89798207 
4005.81696963 
4485.78903257 
4812.41045363 
5000.02136154 
5065.96651688 
5029.75913238 
4912.18376395 
4734.46758098 
4517.43413386 
4280.75476914 
4042.29607637 
3817.56212303 
3619.30806974 
3457.28870129 
3338.12757101 
3265.34924974 
3239.53544986 
3258.60146309 
3318.18534352 
3412.08516667 
3532.75326049 
3671.83345685 
3820.65952765 
3970.77754979 
4114.39511038 
4244.77257485 
4356.54542456 
4445.94754121 
4510.95664879 
4551.3255372 
4568.54828182 
4565.71974906 
4547.3219036 
4518.9457444 
4486.97900464 
4458.23573501 
4439.59695564 
4437.63857468 
4458.29837231 
4506.53970247 
4586.0929072 
4699.24912902 
4846.72162091 
5027.57478762 
5239.24059224 
5477.59068195 
5737.11834547 
6011.13790208 
6292.06211121 
6571.72335284 
6841.71303576 
7093.74296813 
7319.9927249 
7513.44854555 
7668.21035406 
7779.74006079 
7845.06044114 
7862.88933548 
7833.70181795 
7759.70630555 
7644.76194424 
7494.20497021 
7314.63996039 
7113.65591421 
6899.50446402 
6680.77396998 
6466.04301455 
6263.53376702 
6080.785158 
5924.38944858 
5799.76161074 
5710.95816599 
5660.59086816 
5649.79826063 
5678.29756931 
5744.46086397 
5845.52917916 
5977.80640589 
6136.93475954 
6318.18177192 
6516.72282563 
6727.93318608 
6947.64480451 
7172.36294004 
7399.45431706 
7627.23783501 
7855.04519385 
8083.18878213 
8312.87369975 
8546.05082763 
8785.20813988 
9033.14247528 
9292.67932373 
9566.41280858 
9856.41922379 
10164.017393 
10489.5679096 
10832.3152147 
11190.2973729 
11560.3221201 
11938.0297993 
12318.0100917 
12693.9753341 
13059.0188802 
13405.8905689 
13727.3271571 
14016.3894336 
14266.7840897 
14473.1909593 
14631.5094874 
14739.0962242 
14794.8963242 
14799.5237079 
14755.2294445 
14665.8268578 
14536.5582292 
14373.9476283 
14185.4643729 
13979.1831077 
13763.4234802 
13546.4025828 
13335.8936074 
13138.9069481 
12961.4471968 
12808.2811137 
12682.8049402 
12586.969757 
12521.286902 
12484.8968768 
12475.7138987 
12490.6388152 
12525.8066831 
12576.8790694 
12639.3315638 
12708.7292414 
12781.0214523 
12852.757063 
12921.2722861 
12984.8184111 
13042.6176056 
13094.8612988 
13142.618341 
13187.7030463 
13232.4903696 
13279.6862679 
13332.0563869 
13392.1968557 
13462.2433019 
13543.6568247 
13637.0148283 
13741.877834 
13856.701433 
13978.8086772 
14104.4429029 
14228.8896024 
14346.6562395 
14451.7067247 
14537.728181 
14598.4464076 
14627.9270057 
14620.8847761 
14572.9706959 
14481.0186384 
14343.2212175 
14159.2893181 
13930.4882465 
13659.6202261 
13350.9402374 
13009.9956829 
12643.3920766 
12258.5309515 
11863.2897549 
11465.692731 
11073.5676992 
10694.2205318 
10334.1499715 
9998.79341482 
9692.33752294 
9417.58140288 
9175.89221164 
8967.21796167 
8790.17589166 
8642.20749179 
8519.78808354 
8418.66885946 
8334.15581795 
8261.4135291 
8195.74663081 
8132.86320436 
8069.11012706 
8001.65270122 
7928.61541916 
7849.13413786 
7763.35588558 
7672.37720307 
7578.10283494 
7483.06752369 
7390.2074003 
7302.61455683 
7223.27321632 
7154.80286091 
7099.21411336 
7057.69420444 
7030.46457922 
7016.66192129 
7014.31547292 
7020.36306125 
7030.74870771 
7040.58141371 
7044.33164873 
7036.11868127 
7009.96007182 
6960.08795996 
6881.22923669 
6768.89142267 
6619.61937868 
6431.16822521 
6202.6741691 
5934.71583978 
5629.32807898 
5289.94435647 
4921.25759985 
4529.03756943 
4119.88399115 
3700.95080011 
3279.63637496 
2863.28989856 
2458.88893778 
2072.76988041 
1710.38077654 
1376.09434126 
1073.06794417 
803.170244121 
566.978782 
363.83849421 
191.988784949 
48.7373533123 
-69.3375021593 
-166.133223897 
-245.768389175 
-312.350789068 
-369.705667749 
-421.18756941 
-469.511042838 
-516.647067618 
-563.732074141 
-611.087892075 
-658.26334451 
-704.152190133 
-747.130035879 
-785.251421712 
-816.458517411 
-838.808464172 
-850.662538821 
-850.927362832 
-839.188098429 
-815.837523198 
-782.16617531 
-740.375914888 
-693.52318524 
-645.437103737 
-600.560051818 
-563.761052881 
-540.091506192 
-534.538311494 
-551.768143166 
-595.8576807 
-670.07246023 
-776.664060983 
-916.708429061 
-1090.01837163 
-1295.08420866 
-1529.11066139 
-1788.10306461 
-2067.0004764 
-2359.88012331 
-2660.20907186 
-2961.10118706 
-3255.6176308 
-3537.05719271 
-3799.24541392 
-4036.780895 
-4245.2479376 
-4421.39047725 
-4563.2124495 
-4670.03677025 
-4742.47921806 
-4782.36227366 
-4792.5985021 
-4776.98154562 
-4739.96414596 
-4686.40516943 
-4621.30647914 
-4549.54037564 
-4475.59603739 
-4403.3544569 
-4335.90500537 
-4275.43013463 
-4223.09612897 
-4179.0439565 
-4142.44003556 
-4111.56929641 
-4083.96685254 
-4056.62118679 
-4026.18492664 
-3989.21951634 
-3942.44258003 
-3882.95782232 
-3808.47797462 
-3717.51656498 
-3609.51465938 
-3484.95198278 
-3345.36311449 
-3193.32960433 
-3032.39987821 
-2866.96067242 
-2702.065335 
-2543.2197557 
-2396.13209535 
-2266.47647055 
-2159.62556518 
-2080.40846057 
-2032.91698806 
-2020.28377805 
-2044.55934104 
-2106.59089588 
-2206.00507099 
-2341.20516426 
-2509.42667667 
-2706.86245805 
-2928.80718102 
-3169.84260484 
-3424.0506562 
-3685.24539765 
-3947.18551921 
-4203.80896538 
-4449.43632736 
-4678.94340153 
-4887.89795958 
-5072.67763134 
-5230.54570781 
-5359.6627803 
-5459.07866902 
-5528.68559617 
-5569.14352496 
-5581.78699143 
-5568.47303493 
-5531.48814701 
-5473.39739881 
-5396.93058109 
-5304.85768369 
-5199.88710288 
-5084.58204566 
-4961.30390978 
-4832.16174351 
-4698.99869781 
-4563.37292296 
-4426.58451692 
-4289.67641994 
-4153.46422815 
-4018.57999628 
-3885.47964169 
-3754.47996626 
-3625.76896095 
-3499.43367589 
-3375.43610627 
-3253.63466414 
-3133.76595931 
-3015.46073882 
-2898.22753294 
-2781.45285189 
-2664.4188584 
-2546.31719226 
-2426.29309668 
-2303.45664055 
-2176.98466513 
-2046.15521747 
-1910.43662206 
-1769.55739831 
-1623.56920851 
-1472.9234123 
-1318.51334028 
-1161.72162704 
-1004.42002836 
-848.955996715 
-698.112989248 
-555.034633434 
-423.149337489 
-306.033220762 
-207.270366403 
-130.314382505 
-78.3149292181 
-53.9667613196 
-59.3610521458 
-95.8637191308 
-163.999780992 
-263.392843175 
-392.728705853 
-549.75386772 
-731.338701486 
-933.555559781 
-1151.80898272 
-1380.99857916 
-1615.70083582 
-1850.36659171 
-2079.52040357 
-2297.95427586 
-2500.94159118 
-2684.37020246 
-2844.90212199 
-2980.0499902 
-3088.23669895 
-3168.80313576 
-3221.98578753 
-3248.84304984 
-3251.14059062 
-3231.22182638 
-3191.84879475 
-3136.04332753 
-3066.90611142 
-2987.47405247 
-2900.56202747 
-2808.65746899 
-2713.81178857 
-2617.60583263 
-2521.11643414 
-2424.9308438 
-2329.19204511 
-2233.66185749 
-2137.81493496 
-2040.93757859 
-1942.23109263 
-1840.91789257 
-1736.33410353 
-1628.0138002 
-1515.71583466 
-1399.48662341 
-1279.65424496 
-1156.8056001 
-1031.74565903 
-905.410036048 
-778.825515621 
-653.011003383 
-528.879615555 
-407.174336396 
-288.427940242 
-172.878867159 
-60.4772572122 
49.1120170776 
156.471705731 
262.40007601 
367.793994607 
473.566880445 
580.545541579 
689.35138399 
800.292322726 
913.283804827 
1027.76126624 
1142.63983352 
1256.29863267 
1366.59720646 
1470.91921907 
1566.2744999 
1649.40743637 
1716.94816656 
1765.58229764 
1792.20193959 
1794.08244924 
1769.03798278 
1715.57643341 
1632.99097463 
1521.45855197 
1382.08019502 
1216.86089495 
1028.67455527 
821.176685794 
598.682961071 
365.998779727 
128.23686928 
-109.385725937 
-341.733037201 
-563.945215567 
-771.627861501 
-960.997178682 
-1129.01171103 
-1273.45856133 
-1392.98951478 
-1487.13034728 
-1556.23426285 
-1601.40902292 
-1624.40194836 
-1627.47889393 
-1613.25291216 
-1584.54442746 
-1544.21246289 
-1495.01906899 
-1439.50616093 
-1379.87616605 
-1317.93896636 
-1255.04874477 
-1192.09620503 
-1129.53292417 
-1067.42419622 
-1005.50101237 
-943.263574006 
-880.045307833 
-815.13308621 
-747.851451156 
-677.638684142 
-604.117324686 
-527.11640207 
-446.718693867 
-363.241268606 
-277.205660885 
-189.305094075 
-100.339165686 
-11.1510429148 
77.4586329858 
164.785291887 
250.279769501 
333.611142496 
414.672260202 
493.593750185 
570.732830561 
646.637543825 
721.972697829 
797.460446078 
873.776564049 
951.478677997 
1030.88585496 
1112.01766131 
1194.51801985 
1277.61083454 
1360.05889583 
1440.17942893 
1515.8886625 
1584.7611986 
1644.11577971 
1691.13575072 
1722.99804291 
1737.01136766 
1730.77791017 
1702.32082852 
1650.21447938 
1573.68835324 
1472.71728509 
1348.04893589 
1201.23717547 
1034.58015774 
851.071058438 
654.307595954 
448.341495294 
237.516516816 
26.3271746603 
-180.777917843 
-379.564914004 
-566.164750106 
-737.235178344 
-890.064567285 
-1022.64582002 
-1133.72900265 
-1222.82149559 
-1290.17956112 
-1336.73835511 
-1364.00224194 
-1373.94985217 
-1368.88381376 
-1351.3069627 
-1323.77433793 
-1288.75241329 
-1248.50829551 
-1205.00335607 
-1159.83273093 
-1114.17583999 
-1068.77414345 
-1023.95350447 
-979.669364485 
-935.561985582 
-891.03448598 
-845.341631571 
-797.697797442 
-747.350454829 
-693.659781476 
-636.169777242 
-574.653184415 
-509.141092633 
-439.909518671 
-367.46897245 
-292.534738111 
-215.95395099 
-138.634319244 
-61.4828994322 
14.6679655716 
89.1379410739 
161.451181636 
231.374998622 
298.938555672 
364.421396502 
428.329713163 
491.360468669 
554.323975849 
618.047558501 
683.311653665 
750.741769746 
820.71549576 
893.287904167 
968.126076152 
1044.45727775 
1121.05374713 
1196.25734707 
1268.01196383 
1333.92633612 
1391.38639597 
1437.64909656 
1469.97280707 
1485.77136988 
1482.73827787 
1458.98183316 
1413.1322963 
1344.45213979 
1252.89525183 
1139.14293612 
1004.59724291 
851.356546363 
682.13619867 
500.187571623 
309.164569713 
112.98656062 
-84.3076726119 
-278.718563229 
-466.447157565 
-644.007388963 
-808.355337221 
-956.986136915 
-1087.99604618 
-1200.11423759 
-1292.70740988 
-1365.74893463 
-1419.77912878 
-1455.80679526 
-1475.24047653 
-1479.76670696 
-1471.24659502 
-1451.61012746 
-1422.75303593 
-1386.46526054 
-1344.34565928 
-1297.76078648 
-1247.82656326 
-1195.39968644 
-1141.08265633 
-1085.25582677 
-1028.1249346 
-969.762045978 
-910.16194941 
-849.283622964 
-787.093471483 
-723.610087096 
-658.918523832 
-593.170265376 
-526.601849955 
-459.482348621 
-392.101996381 
-324.740067781 
-257.62910955 
-190.89474162 
-124.539733537 
-58.4184234908 
7.76743581934 
74.4624789845 
142.232021419 
211.752833176 
283.728587838 
358.827747649 
437.63623723 
520.545546036 
607.703322632 
698.920484382 
793.62849925 
890.839718742 
989.126133799 
1086.63987951 
1181.14044218 
1270.05163127 
1350.56157148 
1419.72956608 
1474.6118579 
1512.38528355 
1530.50295119 
1526.81719291 
1499.70510998 
1448.18449375 
1371.98537768 
1271.60624503 
1148.32377158 
1004.18412777 
841.933139816 
664.937057652 
477.072580408 
282.562446717 
85.8282610449 
-108.691824154 
-296.698520355 
-474.203018884 
-637.673075459 
-784.156565452 
-911.367454143 
-1017.76414158 
-1102.56328426 
-1165.73458186 
-1207.95049053 
-1230.52439317 
-1235.29318576 
-1224.51389867 
-1200.71483167 
-1166.55976179 
-1124.71337905 
-1077.70937955 
-1027.84041034 
-977.065595355 
-926.951016211 
-878.641291019 
-832.834390114 
-789.81956564 
-749.498882664 
-711.457451088 
-675.033778494 
-639.407127649 
-603.666992527 
-566.914986827 
-528.329476859 
-487.223088704 
-443.094836937 
-395.650089478 
-344.809771437 
-290.687841165 
-233.580255595 
-173.922170273 
-112.235324038 
-49.07761671 
15.0282991675 
79.614342343 
144.313506568 
208.894218446 
273.264601218 
337.450739209 
401.599035696 
465.926695593 
530.672777907 
596.029230665 
662.094691105 
728.803250902 
795.878483579 
862.780687148 
928.683957964 
992.453151254 
1052.68236791 
1107.7024194 
1155.63941316 
1194.47961204 
1222.17336747 
1236.70437013 
1236.21854854 
1219.12159792 
1184.17405885 
1130.59065599 
1058.08946796 
966.953184251 
858.042615351 
732.794738932 
593.183651898 
441.673572371 
281.138584652 
114.745513947 
-54.1556454586 
-222.144793307 
-385.864246756 
-542.153530933 
-688.151917 
-821.405191842 
-939.92446979 
-1042.24177647 
-1127.4459948 
-1195.17566151 
-1245.59377152 
-1279.33136197 
-1297.43553578 
-1301.27990527 
-1292.45742111 
-1272.69780446 
-1243.77131396 
-1207.4064499 
-1165.2058333 
-1118.5825778 
-1068.73216212 
-1016.59602648 
-962.866294145 
-907.975771497 
-852.154597247 
-795.45300631 
-737.786677295 
-678.990641931 
-618.877828635 
-557.276987774 
-494.079470364 
-429.259692288 
-362.892348274 
-295.162297726 
-226.347009665 
-156.796328254 
-86.9009525882 
-17.0692410931 
52.3221074237 
120.972332941 
188.672277127 
255.330692395 
321.000734083 
385.859914679 
450.208600341 
514.42788422 
578.950440812 
644.204149525 
710.548711867 
778.222931282 
847.292965483 
917.584571449 
988.647732757 
1059.73097139 
1129.77498035 
1197.40742071 
1260.9812689 
1318.62643708 
1368.32331916 
1407.96703791 
1435.48050546 
1448.91537891 
1446.54302346 
1426.96655839 
1389.20327984 
1332.75154829 
1257.64691502 
1164.49082779 
1054.45976122 
929.280631393 
791.183029279 
642.822429707 
487.196504987 
327.543334428 
167.205140398 
9.50287806789 
-142.356938588 
-285.426981686 
-417.119191116 
-535.284404347 
-638.267257643 
-724.95929442 
-794.794396103 
-847.744878927 
-884.285540264 
-905.34722434 
-912.23302747 
-906.531326925 
-890.030740572 
-864.630283818 
-832.239452912 
-794.697542772 
-753.688347132 
-710.699460505 
-666.965853163 
-623.457465112 
-580.861234988 
-539.579203272 
-499.779348887 
-461.386545049 
-424.158773063 
-387.702750792 
-351.538744684 
-315.143989863 
-277.965521495 
-239.480462191 
-199.210136992 
-156.733578498 
-111.697910772 
-63.8210240795 
-12.8808835056 
41.2868258971 
98.7980241057 
159.728349573 
224.118136466 
291.966925258 
363.235152009 
437.841395206 
515.622381877 
596.331849829 
679.604191243 
764.938324973 
851.669620928 
938.953198665 
1025.74350981 
1110.79919092 
1192.69847166 
1269.83458358 
1340.48492432 
1402.81952196 
1454.97562682 
1495.12693723 
1521.54645806 
1532.67371178 
1527.20484908 
1504.15363186 
1462.91970889 
1403.32701395 
1325.66933782 
1230.71806891 
1119.71477955 
994.362721583 
856.774569818 
709.417173944 
555.030090129 
396.555176229 
237.024065092 
79.4769835238 
-73.1318248068 
-218.045991284 
-352.777669059 
-475.187784776 
-583.526782901 
-676.482177254 
-753.202081167 
-813.290338022 
-856.800801297 
-884.19211628 
-896.288342214 
-894.225186448 
-879.381297209 
-853.318247157 
-817.702571975 
-774.244006045 
-724.63647246 
-670.496642337 
-613.323206522 
-554.461112808 
-495.069938073 
-436.115955616 
-378.34986047 
-322.3207897 
-268.383604663 
-216.688258721 
-167.22570529 
-119.832989195 
-74.2092788373 
-29.9343134311 
13.4862388013 
56.6201049571 
100.07027173 
144.469953649 
190.445228561 
238.592369871 
289.445954096 
343.457439015 
400.957558558 
462.140104133 
527.030923996 
595.458814575 
667.034828031 
741.140706698 
816.922071553 
893.284334345 
968.907378362 
1042.26265503 
1111.64828646 
1175.24282739 
1231.14242764 
1277.4215517 
1312.21925056 
1333.78713217 
1340.58820539 
1331.34446263 
1305.11634249 
1261.34880484 
1199.91501338 
1121.14704327 
1025.85660739 
915.310477314 
791.211861883 
655.659513531 
511.087820915 
360.196078234 
205.854034278 
51.0117621335 
-101.392768797 
-248.5328238 
-387.768584776 
-516.75425411 
-633.478277177 
-736.335168968 
-824.165587639 
-896.257954521 
-952.364072816 
-992.673381828 
-1017.78578732 
-1028.65740503 
-1026.53813854 
-1012.90494097 
-989.389945363 
-957.707488392 
-919.568407924 
-876.626710898 
-830.41823558 
-782.306780126 
-733.440468069 
-684.742438026 
-636.890279172 
-590.316786572 
-545.206681227 
-501.529838106 
-459.054012607 
-417.382634007 
-375.984462492 
-334.227526924 
-291.42761563 
-246.887758388 
-199.918465265 
-149.886093901 
-96.2298717409 
-38.4941139405 
23.648103621 
90.3779483299 
161.719240386 
237.523031683 
317.446639788 
400.954499963 
487.322162968 
575.624881527 
664.759027395 
753.442831226 
840.240439181 
923.581202209 
1001.78498084 
1073.11190121 
1135.80314007 
1188.12150583 
1228.41093365 
1255.15559274 
1267.01763772 
1262.90210604 
1242.01683672 
1203.90350467 
1148.4839909 
1076.08541697 
987.438324005 
883.696438548 
766.411642809 
637.495420287 
499.198000401 
354.027734498 
204.697117141 
54.0295945375 
-95.1139157348 
-239.928130073 
-377.734990742 
-506.087959023 
-622.817194065 
-726.122015705 
-814.605671651 
-887.302171938 
-943.718399784 
-983.811864801 
-1007.97507417 
-1017.01880026 
-1012.11189713 
-994.72098846 
-966.535454544 
-929.401932131 
-885.236816627 
-835.936781257 
-783.319691727 
-729.049873944 
-674.576924969 
-621.089031431 
-569.482486987 
-520.330515142 
-473.899394083 
-430.136439976 
-388.715352237 
-349.056459945 
-310.381302783 
-271.761085078 
-232.177198941 
-190.588163605 
-145.989288987 
-97.4712936313 
-44.2844292465 
14.1324924806 
78.0926760488 
147.63856463 
222.519042046 
302.195309753 
385.8303482 
472.311817135 
560.279353282 
648.164399137 
734.2278759 
816.620781464 
893.437619259 
962.766173103 
1022.77232042 
1071.73933872 
1108.14013327 
1130.66892477 
1138.30134131 
1130.32736571 
1106.37316391 
1066.42617703 
1010.82473591 
940.262014631 
855.774868009 
758.694630986 
650.627261792 
533.41015339 
409.046970434 
279.672053976 
147.476201582 
14.662836865 
-116.617597026 
-244.317791329 
-366.537325832 
-481.562680669 
-587.907906261 
-684.333175773 
-769.873881722 
-843.829173937 
-905.764373343 
-955.506074355 
-993.125544425 
-1018.91178158 
-1033.35639693 
-1037.11575185 
-1030.98716303 
-1015.86864997 
-992.73267635 
-962.594146498 
-926.477554254 
-885.396376168 
-840.321750439 
-792.1724007 
-741.796487687 
-689.950229267 
-637.287907898 
-584.361941133 
-531.59405693 
-479.288372614 
-427.633414694 
-376.696433239 
-326.426142929 
-276.669061269 
-227.164098604 
-177.553604967 
-127.41857818 
-76.2977367864 
-23.7018403408 
30.8468188876 
87.7921830832 
147.499832915 
210.227233487 
276.088260024 
345.030790528 
416.80161639 
490.933325667 
566.71396956 
643.211807663 
719.265583061 
793.503413237 
864.386681719 
930.232848859 
989.282568682 
1039.74478752 
1079.8563389 
1107.96821042 
1122.58804152 
1122.46518132 
1106.64699664 
1074.5255381 
1025.88317746 
960.939726645 
880.344476379 
785.18974621 
676.985697563 
557.618689658 
429.292627673 
294.423706615 
155.578482812 
15.4007707668 
-123.442310125 
-258.333519984 
-386.777134886 
-506.454039932 
-615.290540516 
-711.500412195 
-793.657361072 
-860.725906258 
-912.087460521 
-947.542993308 
-967.334732505 
-972.113145137 
-962.903227641 
-941.067089375 
-908.261206458 
-866.34839337 
-817.346892773 
-763.345759822 
-706.433034746 
-648.616423464 
-591.752382347 
-537.483672021 
-487.178493215 
-441.87323176 
-402.246349856 
-368.591177826 
-340.806941282 
-318.401776171 
-300.525439869 
-286.000785305 
-273.398544841 
-261.090231838 
-247.361090017 
-230.479126891 
-208.806913645 
-180.89172905 
-145.559433921 
-101.990183604 
-49.7932131665 
10.9491036688 
79.6611623611 
155.267332855 
236.221533327 
320.554442487 
405.960926612 
489.909592163 
569.740072563 
642.804952062 
706.602417519 
758.895245359 
797.829841918 
822.051365328 
830.772691269 
823.808376705 
801.603211033 
765.198692176 
716.162849076 
656.495666423 
588.500864374 
514.626068269 
437.30165286 
358.776486785 
280.957419143 
205.29152133 
132.639371263 
63.2271650276 
-3.38302186813 
-68.2466575812 
-132.965017683 
-199.542811635 
-270.215727299 
-347.239413645 
-432.659351297 
-528.0820635 
-634.462954515 
-751.925103109 
-879.612956981 
-1015.60888319 
-1156.93920341 
-1299.64191185 
-1438.91876858 
-1569.33998055 
-1685.17014478 
-1780.67930827 
-1850.52953023 
-1890.15794961 
-1896.13153414 
-1866.48646522 
-1800.96332602 
-1701.17327473 
-1570.629877 
-1414.70305588 
-1240.39082458 
-1056.00020464 
-870.700861216 
-693.998020123 
-535.133398239 
-402.453130685 
-302.801781094 
-240.933699294 
-219.061099625 
-236.48470442 
-289.427386904 
-371.043686448 
-471.61862975 
-578.999502912 
-679.19568387 
-757.165897938 
-797.724950398 
-786.558788728 
-711.243766266 
-562.24728847 
-333.832527955 
-24.7900001214 
361.050146978 
814.577175254 
1321.47690485 
1862.63825035 
2414.89251169 
2952.05880882 
3446.3106094 
3869.73892151 
4196.08708188 
4402.55509894 
4471.57937532 
4392.4924253 
4162.96057969 
3790.09205274 
3291.15231186 
2693.83098209 
2035.99021225 
1364.86489725 
735.755428466 
210.236744302 
-146.065222261 
-266.043124301 
-83.9135442834 
461.851877838 
1425.62291635 
2851.86822658 
4772.68838548 
7205.78250605 
10152.919406 
13599.027499 
17511.9461048 
21842.8751056 
26527.5145355 
31487.8736412 
36634.6466413 
41870.0944694 
47091.3095227 
52193.6669368 
57074.4111964 
61636.1502976 
65790.1249114 
69459.1232111 
72579.9159768 
75105.0854022 
77004.2318789 
78264.4591418 
78890.1701476 
78902.2026653 
78336.3017669 
77241.0955155 
75675.6104326 
73706.5074884 
71405.1167887 
68844.458246 
66096.3440111 
63228.7313397 
60303.3628542 
57373.8861306 
54484.4347808 
51668.7271484 
48949.7188527 
46339.8015571 
43841.441584 
41448.2673575 
39146.499992 
36916.6213027 
34735.2075592 
32576.7888312 
30415.6740678 
28227.6240535 
25991.3136952 
23689.5074374 
21309.9145546 
18845.6965873 
16295.6415764 
13663.9574126 
10959.8387206 
8196.70705581 
5391.29017818 
2562.58000086 
-269.282506969 
-3084.139273 
-5862.84667058 
-8588.18524762 
-11245.6282971 
-13823.8708607 
-16315.1736461 
-18715.4570427 
-21024.1795279 
-23244.0372511 
-25380.4487926 
-27440.9590423 
-29434.5219351 
-31370.7444506 
-33259.1332865 
-35108.3893388 
-36925.7841644 
-38716.654239 
-40484.0380119 
-42228.4570657 
-43947.8688593 
-45637.7585084 
-47291.3915728 
-48900.1769582 
-50454.1250502 
-51942.401529 
-53353.8816503 
-54677.7360255 
-55903.9830846 
-57023.9782037 
-58030.8487541 
-58919.810252 
-59688.3729626 
-60336.4571805 
-60866.3735511 
-61282.6983364 
-61592.0331599 
-61802.7290384 
-61924.4794508 
-61967.913565 
-61944.1519257 
-61864.3590955 
-61739.3206421 
-61579.0591188 
-61392.4799379 
-61187.1096022 
-60968.8989401 
-60742.1230285 
-60509.3266832 
-60271.373005 
-60027.5624387 
-59775.8004423 
-59512.8159959 
-59234.4420554 
-58935.8889534 
-58612.0433822 
-58257.7736185 
-57868.1970223 
-57438.9440227 
-56966.3733047 
-56447.7275119 
-55881.2633188 
-55266.3148955 
-54603.3179897 
-53893.7584665 
-53140.1136483 
-52345.7076082 
-51514.571825 
-50651.254438 
-49760.6134261 
-48847.6140493 
-47917.122393 
-46973.7107734 
-46021.4763558 
-45063.9119875 
-44103.7681659 
-43142.9749476 
-42182.6111623 
-41222.8962761 
-40263.2362754 
-39302.3027309 
-38338.1381528 
-37368.3072434 
-36390.0362512 
-35400.4218781 
-34396.5926675 
-33375.9162434 
-32336.1545851 
-31275.6460141 
-30193.4421258 
-29089.4146917 
-27964.3374921 
-26819.9177755 
-25658.7830393 
-24484.4552941 
-23301.2622266 
-22114.2155394 
-20928.8520437 
-19751.0641055 
-18586.8921121 
-17442.3355923 
-16323.1323882 
-15234.5811474 
-14181.3779975 
-13167.4394764 
-12195.7442939 
-11268.2008659 
-10385.5853349 
-9547.5297547 
-8752.51937067 
-7997.98730539 
-7280.4032157 
-6595.46638294 
-5938.28059007 
-5303.54415897 
-4685.77672532 
-4079.52951656 
-3479.59487165 
-2881.18727925 
-2280.10532336 
-1672.86602703 
-1056.80153991 
-430.106247285 
208.137302461 
858.007575012 
1518.78024972 
2189.05323554 
2866.85585582 
3549.81450038 
4235.31145727 
4920.65654232 
5603.24684306 
6280.73119059 
6951.14570893 
7613.00358148 
8265.38441138 
8907.95473057 
9540.97651157 
10165.2466821 
10782.037233 
11392.9620145 
11999.8609188 
12604.6277306 
13209.0582744 
13814.6761957 
14422.5708074 
15033.2501623 
15646.5325962 
16261.4556418 
16876.2243171 
17488.2166697 
18094.0346101 
18689.5663763 
19270.1213187 
19830.5935027 
20365.6291616 
20869.8482228 
21338.0832603 
21765.581213 
22148.221239 
22482.7183519 
22766.7845439 
22999.2467896 
23180.1353728 
23310.7062165 
23393.4233941 
23431.8935549 
23430.7370661 
23395.4219989 
23332.0897786 
23247.2960762 
23147.7866344 
23040.2424746 
22931.0401261 
22826.0076538 
22730.2305539 
22647.8877938 
22582.1223947 
22534.9933218 
22507.4399209 
22499.3079733 
22509.4308641 
22535.7601964 
22575.5317332 
22625.4517411 
22681.9134901 
22741.214591 
22799.7872439 
22854.3733713 
22902.2210972 
22941.2036609 
22969.930012 
22987.8034563 
22995.0087606 
22992.4746091 
22981.7716709 
22965.0085309 
22944.6389805 
22923.2893559 
22903.5506711 
22887.7886968 
22877.9581007 
22875.4217408 
22880.8144044 
22893.9342717 
22913.6988617 
22938.1361805 
22964.4225336 
22988.9945863 
23007.6506563 
23015.7514972 
23008.4265985 
22980.7806624 
22928.1491561 
22846.3131215 
22731.7093722 
22581.6345695 
22394.3833006 
22169.3606014 
21907.1433972 
21609.4846342 
21279.2590077 
20920.3772428 
20537.620993 
20136.4727358 
19722.8813067 
19303.0426215 
18883.1414502 
18469.1201967 
18066.4458907 
17679.9164338 
17313.4901089 
16970.1750591 
16651.9451258 
16359.7209453 
16093.4056394 
15851.9621436 
15633.5205283 
15435.5343103 
15254.9739131 
15088.5191962 
14932.7524521 
14784.355276 
14640.2976568 
14497.9767834 
14355.3218724 
14210.8862907 
14063.8823159 
13914.1627502 
13762.1756688 
13608.8661265 
13455.5502081 
13303.7626396 
13155.1151693 
13011.1235722 
12873.041969 
12741.7271316 
12617.5139061 
12500.1267979 
12388.6243557 
12281.405445 
12176.2258684 
12070.2695663 
11960.2636333 
11842.6248635 
11713.6173416 
11569.532217 
11406.884142 
11222.5721364 
11014.0754343 
10779.5791455 
10518.0994403 
10229.5628558 
9914.8395792 
9575.74955157 
9215.00769312 
8836.12840264 
8443.31020012 
8041.27995582 
7635.10928802 
7230.0159493 
6831.18118118 
6443.54450543 
6071.62765966 
5719.37850161 
5390.02693579 
5085.99974415 
4808.84570238 
4559.21656736 
4336.8937913 
4140.82969567 
3969.23536546 
3819.68234139 
3689.25473174 
3574.69643344 
3472.55661719 
3379.36025557 
3291.76669117 
3206.68130125 
3121.39937539 
3033.6993286 
2941.89424159 
2844.89644959 
2742.20723846 
2633.9108243 
2520.63750164 
2403.47816477 
2283.91450523 
2163.70899469 
2044.79871271 
1929.17952624 
1818.78839154 
1715.39247943 
1620.49247615 
1535.25114014 
1460.40936648 
1396.25250322 
1342.56655207 
1298.64402168 
1263.27743225 
1234.80442337 
1211.15896051 
1189.93866443 
1168.48075995 
1143.96017607 
1113.47179948 
1074.13887083 
1023.20789118 
958.138150187 
876.695891435 
777.019424338 
657.688919641 
517.770641071 
356.853049918 
175.04924324 
-26.9912203554 
-248.092419191 
-486.614160495 
-740.469638374 
-1007.20174069 
-1284.04739274 
-1568.0143307 
-1855.96482811 
-2144.69688434 
-2431.03049998 
-2711.8870304 
-2984.35135996 
-3245.74684304 
-3493.69779302 
-3726.15998937 
-3941.47115723 
-4138.34853506 
-4315.91096266 
-4473.68559182 
-4611.58172486 
-4729.86467358 
-4829.13690259 
-4910.30191258 
-4974.51876423 
-5023.14647127 
-5057.69297416 
-5079.78354867 
-5091.09647902 
-5093.33448892 
-5088.16729951 
-5077.19288357 
-5061.90190304 
-5043.65666402 
-5023.66360119 
-5002.9303674 
-4982.27573371 
-4962.30765112 
-4943.41513536 
-4925.77323653 
-4909.36333687 
-4893.96458934 
-4879.18280349 
-4864.4823653 
-4849.21003624 
-4832.62501853 
-4813.95964451 
-4792.43670221 
-4767.32540291 
-4737.9741461 
-4703.87958927 
-4664.70280504 
-4620.32194368 
-4570.85336362 
-4516.67955262 
-4458.46132305 
-4397.12685161 
-4333.88560687 
-4270.18047805 
-4207.64550318 
-4148.09366294 
-4093.44341967 
-4045.65298008 
-4006.65466712 
-3978.27910795 
-3962.18470816 
-3959.79972092 
-3972.24184282 
-4000.28627818 
-4044.30734626 
-4104.26824489 
-4179.70009897 
-4269.70375073 
-4372.97316252 
-4487.84940741 
-4612.34894842 
-4744.24290293 
-4881.10311782 
-5020.40544881 
-5159.5985695 
-5296.17404493 
-5427.74789907 
-5552.118338 
-5667.3365398 
-5771.74011642 
-5863.97873819 
-5943.04008353 
-6008.25965617 
-6059.29278488 
-6096.12044025 
-6118.98304484 
-6128.38395967 
-6125.02243721 
-6109.76769474 
-6083.60262338 
-6047.58849451 
-6002.81642581 
-5950.39969665 
-5891.41367724 
-5826.90015509 
-5757.84269408 
-5685.14891968 
-5609.64890658 
-5532.09709814 
-5453.15574944 
-5373.40166002 
-5293.32771833 
-5213.33700322 
-5133.74606425 
-5054.77486137 
-4976.55393188 
-4899.11121354 
-4822.38257253 
-4746.19432447 
-4670.28517534 
-4594.30054542 
-4517.82004359 
-4440.35516888 
-4361.3825775 
-4280.37389068 
-4196.82682278 
-4110.30039631 
-4020.45788751 
-3927.10000111 
-3830.20470016 
-3729.96509051 
-3626.80502809 
-3521.39709845 
-3414.67067436 
-3307.79697441 
-3202.17173572 
-3099.38263404 
-3001.15210239 
-2909.28271503 
-2825.59703699 
-2751.84529764 
-2689.64254308 
-2640.39905092 
-2605.23127186 
-2584.90804464 
-2579.80043615 
-2589.84608804 
-2614.52509752 
-2652.87278481 
-2703.48055187 
-2764.54222105 
-2833.90994973 
-2909.17165016 
-2987.72116438 
-3066.85203413 
-3143.87578031 
-3216.19378449 
-3281.39864677 
-3337.3649422 
-3382.31501162 
-3414.87017236 
-3434.11481043 
-3439.58898071 
-3431.30453367 
-3409.70503579 
-3375.64708671 
-3330.33951714 
-3275.26000045 
-3212.09716493 
-3142.65625144 
-3068.77704021 
-2992.23249763 
-2914.65687459 
-2837.47719154 
-2761.85759284 
-2688.66009676 
-2618.42123626 
-2551.33596407 
-2487.2761828 
-2425.80565991 
-2366.24254575 
-2307.69370844 
-2249.11599418 
-2189.39395989 
-2127.39989025 
-2062.06856422 
-1992.47131983 
-1917.86453549 
-1837.73878564 
-1751.86144663 
-1660.28191137 
-1563.36603285 
-1461.77996718 
-1356.45907063 
-1248.60630034 
-1139.62398778 
-1031.08482392 
-924.662840897 
-822.071288734 
-725.005277109 
-635.07837786 
-553.767948707 
-482.36884206 
-421.932556945 
-373.255453041 
-336.838986607 
-312.872484764 
-301.243094409 
-301.53212263 
-313.034385159 
-334.7758417 
-365.554860573 
-403.985790794 
-448.530294174 
-497.542934368 
-549.323096182 
-602.165351421 
-654.40799548 
-704.461998854 
-750.861252632 
-792.294956661 
-827.624898191 
-855.920198973 
-876.465582898 
-888.763264578 
-892.53402235 
-887.704748368 
-874.414947607 
-852.976532628 
-823.867125558 
-787.712593039 
-745.236907821 
-697.251435896 
-644.625087577 
-588.249390303 
-528.997291431 
-467.704256357 
-405.156032556 
-342.04265285 
-278.96347951 
-216.387294083 
-154.656731695 
-93.9797123076 
-34.4212556162 
24.0789934869 
81.7149226009 
138.781608524 
195.656998659 
252.782217502 
310.627335387 
369.667914758 
430.351874117 
493.051771345 
558.051372974 
625.505689769 
695.423658054 
767.636697718 
841.783598296 
917.310239364 
993.45872806 
1069.29470364 
1143.7078409 
1215.44373046 
1283.12946074 
1345.31620641 
1400.52829064 
1447.31794114 
1484.30145348 
1510.22886545 
1524.01374427 
1524.78943565 
1511.95165519 
1485.18929023 
1444.50146942 
1390.20076907 
1322.93570452 
1243.66254853 
1153.63054429 
1054.35805663 
947.575274188 
835.197983839 
719.239182736 
601.787786023 
484.935271633 
370.708384952 
261.042187132 
157.699694191 
62.2517885326 
-23.9721989146 
-99.9031402765 
-164.75656728 
-218.035157721 
-259.528526035 
-289.297285337 
-307.660147008 
-315.158937598 
-312.523480509 
-300.649398247 
-280.55428255 
-253.338639281 
-220.14538993 
-182.122157068 
-140.397622848 
-96.0356852055 
-50.0156209687 
-3.20481951915 
43.6588889769 
89.9810413632 
135.320833915 
179.397377735 
222.092259408 
263.448505107 
303.653915743 
343.030263498 
382.019421081 
421.161868693 
461.06183117 
502.37996196 
545.788828515 
591.929641285 
641.395330045 
694.676096577 
752.139654821 
813.996101144 
880.255196165 
950.715740543 
1024.94398436 
1102.25233534 
1181.70675961 
1262.12346243 
1342.11182651 
1420.09107921 
1494.3270611 
1562.98343193 
1624.17015912 
1676.01184603 
1716.72388755 
1744.66698157 
1758.41447236 
1756.80245023 
1739.00488216 
1704.55604694 
1653.38796223 
1585.85301353 
1502.71456798 
1405.13473555 
1294.65645595 
1173.14881353 
1042.75617573 
905.820720601 
764.834908604 
622.336645028 
480.846775663 
342.783495332 
210.39812926 
85.7002673461 
-29.5916813371 
-134.075858419 
-226.713057699 
-306.819988589 
-374.076037027 
-428.501713765 
-470.4386916 
-500.504281744 
-519.540805356 
-528.58338469 
-528.787386724 
-521.382305423 
-507.614856354 
-488.705042397 
-465.812890748 
-439.998431068 
-412.193363856 
-383.184580828 
-353.594800545 
-323.903658914 
-294.432516339 
-265.360157967 
-236.726137987 
-208.461219545 
-180.393789709 
-152.270481208 
-123.756132906 
-94.4762150695 
-64.0243387299 
-31.9666000428 
2.13222184232 
38.7050312113 
78.1438691562 
120.808910145 
167.008074594 
216.969230959 
270.824100841 
328.599845963 
390.194757305 
455.357775133 
523.684336515 
594.589190635 
667.312871495 
740.912715275 
814.279852421 
886.149412528 
955.113733575 
1019.66375282 
1078.21499465 
1129.16468412 
1170.93707292 
1202.04017835 
1221.10687284 
1226.97205772 
1218.70204906 
1195.66206311 
1157.53050983 
1104.34028946 
1036.48768155 
954.7330205 
860.188680204 
754.298748708 
638.803378618 
515.673879771 
387.076558234 
255.287403915 
122.637613687 
-8.55945969712 
-136.084092777 
-257.868716691 
-372.052349876 
-477.027905604 
-571.495216385 
-654.463877362 
-725.288808604 
-783.671677572 
-829.61947743 
-863.444334551 
-885.736826157 
-897.307017076 
-899.145715252 
-892.382007796 
-878.214819142 
-857.889861183 
-832.629087629 
-803.599842399 
-771.88669916 
-738.444549074 
-704.081523877 
-669.438606191 
-634.979730483 
-600.998759753 
-567.619275504 
-534.802948087 
-502.363310304 
-469.983171101 
-437.24037306 
-403.632804741 
-368.591568671 
-331.542239224 
-291.907741844 
-249.149864534 
-202.803116331 
-152.492201049 
-97.9627478887 
-39.1181263402 
23.9726156749 
91.039451588 
161.627289761 
235.064065395 
310.475661119 
386.781605976 
462.714884728 
536.849602233 
607.626366165 
673.387896711 
732.43077978 
783.04807842 
823.596844471 
852.555263371 
868.561920634 
870.481909173 
857.474027012 
829.009394555 
784.923277504 
725.428702792 
651.141023506 
563.068174729 
462.608255399 
351.517022728 
231.849642403 
105.917401961 
-23.7685612046 
-154.57711491 
-283.831080283 
-408.901378637 
-527.270536601 
-636.6118768 
-734.868642529 
-820.309494115 
-891.584706278 
-947.74098528 
-988.257628972 
-1013.04196997 
-1022.42331504 
-1017.12687264 
-998.22358658 
-967.078887486 
-925.297232671 
-874.641440454 
-816.958678776 
-754.111660166 
-687.892961373 
-619.959750217 
-551.771354222 
-484.54929444 
-419.224405829 
-356.406590694 
-296.393169611 
-239.155359629 
-184.362347834 
-131.42272312 
-79.5167466409 
-27.6582433195 
25.2342825018 
80.2895418324 
138.615718236 
201.202721164 
268.876243464 
342.236077621 
421.615427574 
507.028290336 
598.16571635 
694.364806026 
794.612486866 
897.574125095 
1001.62579294 
1104.89075446 
1205.30707382 
1300.70425905 
1388.86718774 
1467.60693911 
1534.85830833 
1588.73449573 
1627.61174398 
1650.19078915 
1655.53733498 
1643.12441219 
1612.84578567 
1565.04340038 
1500.48237801 
1420.32076292 
1326.09210564 
1219.62705472 
1103.01447144 
978.5252899 
848.532106113 
715.454069622 
581.658790277 
449.416841283 
320.830576064 
197.775156679 
81.8762805907 
-25.5276292662 
-123.401253527 
-211.013064626 
-287.92635909 
-353.97794917 
-409.262124146 
-454.081103277 
-488.909912439 
-514.358518186 
-531.131712534 
-539.996889969 
-541.73900021 
-537.131551423 
-526.90814932 
-511.757914267 
-492.305074122 
-469.094140273 
-442.601516092 
-413.224049132 
-381.281136874 
-347.029653051 
-310.665343943 
-272.349974887 
-232.191811845 
-190.251112522 
-146.564556492 
-101.121249752 
-53.8860940958 
-4.79233049593 
46.2464403447 
99.3395651622 
154.601704181 
212.152747041 
272.102636312 
334.52826741 
399.444727606 
466.791581974 
536.421501332 
608.04446689 
681.23669324 
755.406773478 
829.779539868 
903.404317997 
975.139600523 
1043.68048207 
1107.57645501 
1165.26998256 
1215.12828829 
1255.4978562 
1284.77451935 
1301.45239224 
1304.20482489 
1291.92963695 
1263.81074553 
1219.37070199 
1158.51333392 
1081.5648871 
989.260728733 
882.754730452 
763.602308832 
633.721901783 
495.341029987 
350.929510752 
203.13543629 
54.6916589333 
-91.6607891482 
-233.269738642 
-367.651689326 
-492.576114645 
-606.119529154 
-706.730592278 
-793.254721135 
-864.96272807 
-921.553099749 
-963.141039557 
-990.233058441 
-1003.68820925 
-1004.65624918 
-994.520476271 
-974.830599483 
-947.228222528 
-913.383139916 
-874.91985197 
-833.356307682 
-790.058216355 
-746.194528793 
-702.712729757 
-660.307591176 
-619.418618008 
-580.230115971 
-542.699826835 
-506.555254562 
-471.347205438 
-436.474484545 
-401.230515602 
-364.841267859 
-326.50218445 
-285.445517032 
-240.94538673 
-192.382428909 
-139.254838342 
-81.2142342162 
-18.0998765942 
50.0610010037 
123.032278075 
200.359689721 
281.378932831 
365.225015186 
450.830016366 
536.950757379 
622.18662356 
704.996278213 
783.753138364 
856.770726515 
922.344734691 
978.79412602 
1024.51275746 
1058.01651517 
1077.97600719 
1083.28253503 
1073.0740435 
1046.77402189 
1004.12390573 
945.213317736 
870.481567829 
780.724238613 
677.089234977 
561.044393774 
434.360134155 
299.058666514 
157.386979444 
11.7431916163 
-135.387390539 
-281.497400323 
-424.119014477 
-560.88802805 
-689.625100042 
-808.374028142 
-915.472323339 
-1009.57894521 
-1089.71474743 
-1155.26599401 
-1206.0046564 
-1242.07583325 
-1263.99505048 
-1272.59555716 
-1268.99256293 
-1254.54416616 
-1230.7812333 
-1199.36634479 
-1162.00115573 
-1120.38030328 
-1076.13050406 
-1030.7502234 
-985.557694811 
-941.647273807 
-899.836115164 
-860.678757712 
-824.421127004 
-791.013455816 
-760.131245551 
-731.181047862 
-703.338300292 
-675.592649442 
-646.805048356 
-615.757742479 
-581.217169307 
-542.011581798 
-497.074877528 
-445.530723721 
-386.733093777 
-320.325162398 
-246.281540171 
-164.916930841 
-76.9183559885 
16.6526088502 
114.374925664 
214.505454615 
315.013913812 
413.654242076 
507.999539521 
595.557493274 
673.83605002 
740.426475502 
793.109548608 
829.9303854 
849.276870596 
849.946425638 
831.203534708 
792.813116373 
735.065599914 
658.774067009 
565.268995868 
456.348005049 
334.230975029 
201.489851401 
60.9570448915 
-84.3504370226 
-231.348990415 
-376.972111774 
-518.267222213 
-652.488260952 
-777.187905909 
-890.267904365 
-990.049757977 
-1075.29320663 
-1145.22610721 
-1199.53131025 
-1238.34484456 
-1262.19467665 
-1271.98375017 
-1268.90415539 
-1254.39838353 
-1230.05544439 
-1197.55966354 
-1158.60261842 
-1114.82319128 
-1067.7474571 
-1018.74199447 
-968.954380678 
-919.312041107 
-870.494685107 
-822.927977838 
-776.790849499 
-732.042284238 
-688.422553535 
-645.503537919 
-602.732691233 
-559.458701164 
-514.974882009 
-468.545974399 
-419.46023416 
-367.06343725 
-310.770887451 
-250.110409168 
-184.739269254 
-114.46224813 
-39.2332210572 
40.837211059 
125.454799106 
214.165946022 
306.338132266 
401.177459066 
497.737153744 
594.917725843 
691.491045906 
786.108317062 
877.322011055 
963.610355865 
1043.40113812 
1115.11384522 
1177.18520093 
1228.10619839 
1266.46159124 
1290.97411086 
1300.5307396 
1294.23581872 
1271.43342761 
1231.73539367 
1175.04848662 
1101.58441813 
1011.86794113 
906.741421696 
787.351279175 
655.110912462 
511.680152282 
358.927783028 
198.900157743 
33.7421751749 
-134.317639877 
-303.054062701 
-470.282122355 
-633.910489996 
-791.987167712 
-942.74554696 
-1084.63070011 
-1216.32576524 
-1336.76429687 
-1445.14101529 
-1540.91563446 
-1623.80208488 
-1693.74497915 
-1750.90794929 
-1795.6348952 
-1828.4282322 
-1849.91637034 
-1860.80698836 
-1861.85652018 
-1853.84012905 
-1837.5081584 
-1813.57058108 
-1782.66511593 
-1745.34308422 
-1702.04717196 
-1653.10478477 
-1598.73126287 
-1539.01612551 
-1473.94263121 
-1403.3988012 
-1327.18526045 
-1245.04255746 
-1156.68099677 
-1061.79984648 
-960.130350655 
-851.460668538 
-735.679423633 
-612.799798392 
-482.999957593 
-346.644524878 
-204.309531957 
-56.8123812317 
94.7991542407 
249.235753379 
404.985692515 
560.330818007 
713.383604269 
862.127300012 
1004.4536301 
1138.25015731 
1261.45338529 
1372.10469584 
1468.43484916 
1548.92192854 
1612.35930622 
1657.91308161 
1685.15447896 
1694.0955003 
1685.20730509 
1659.41601064 
1618.06947047 
1562.92280709 
1496.07300102 
1419.90263842 
1336.99166993 
1250.03042683 
1161.73152057 
1074.73441427 
991.524343988 
914.330224202 
845.070696062 
785.27519642 
736.049056007 
698.050996566 
671.489918615 
656.119642064 
651.284915039 
655.959712553 
668.815830935 
688.298635071 
712.709170651 
740.284843847 
769.296299747 
798.115359583 
825.294926025 
849.630964011 
870.218769371 
886.479902561 
898.167472838 
905.376463228 
908.513222784 
908.273801334 
905.573808359 
901.508850601 
897.284294006 
894.126592023 
893.233216319 
895.683781097 
902.378029113 
913.972741588 
930.849272164 
953.08199835 
980.411856849 
1012.24947886 
1047.68153891 
1085.49967253 
1124.25968023 
1162.29346573 
1197.80040946 
1228.90722631 
1253.72540126 
1270.44633795 
1277.38610439 
1273.06287155 
1256.26342461 
1226.07381541 
1181.92537636 
1123.62709085 
1051.37306239 
965.741559517 
867.694971274 
758.540271836 
639.914562193 
513.718281999 
382.082396047 
247.289725556 
111.718836745 
-22.2245884475 
-152.187132092 
-275.921736706 
-391.358119368 
-496.65509465 
-590.257575739 
-670.940712416 
-737.826193526 
-790.406430351 
-828.554481602 
-852.509277916 
-862.870071271 
-860.556233655 
-846.761744022 
-822.909049928 
-790.598237384 
-751.5261825 
-707.424758373 
-659.987538488 
-610.820377181 
-561.358169461 
-512.819657993 
-466.172788232 
-422.085194568 
-380.920601236 
-342.726811319 
-307.236532236 
-273.899192141 
-241.922179899 
-210.311670372 
-177.947468933 
-143.649230467 
-106.24802362 
-64.6682716 
-17.9805356093 
34.5067667307 
93.1918586612 
158.140308781 
229.041358141 
305.197453739 
385.522567161 
468.551549071 
552.477927898 
635.214246227 
714.457055113 
787.773489517 
852.675418683 
906.735676689 
947.651971973 
973.380926217 
982.204480383 
972.800394922 
944.312835258 
896.402391624 
829.276406657 
743.689341541 
640.921272958 
522.746074552 
391.39068054 
249.459833171 
99.8637808464 
-54.2954869524 
-209.812290231 
-363.496345975 
-512.257806908 
-653.19154339 
-783.692466153 
-901.507957808 
-1004.81607093 
-1092.25454998 
-1162.94161531 
-1216.50501549 
-1253.04912101 
-1273.13325471 
-1277.72358928 
-1268.12426799 
-1245.92892949 
-1212.92555759 
-1171.0296294 
-1122.19042227 
-1068.31945407 
-1011.22026055 
-952.511686394 
-893.573181155 
-835.523251959 
-779.164671908 
-724.990371105 
-673.178104326 
-623.605639603 
-575.870728993 
-529.338300582 
-483.195578683 
-436.49276658 
-388.2226081 
-337.375882785 
-283.01187428 
-224.301067058 
-160.608061944 
-91.5101933801 
-16.8633060079 
63.1830529259 
148.176183931 
237.335228653 
329.59363136 
423.597147692 
517.753718534 
610.26026026 
699.179366982 
782.488507169 
858.159353589 
924.216503934 
978.815973419 
1020.29849035 
1047.27828365 
1058.66290513 
1053.72350435 
1032.11337611 
993.905528817 
939.586014437 
870.044768631 
786.555860676 
690.755124014 
584.575385962 
470.196852253 
349.985537048 
226.416414723 
102.00571815 
-20.7629741623 
-139.518193337 
-252.054592234 
-356.393128098 
-450.84995737 
-534.052509758 
-604.978887624 
-662.956569935 
-707.678879282 
-739.19462922 
-757.867646155 
-764.35810861 
-759.57754886 
-744.641683439 
-720.808505044 
-689.434634796 
-651.914463513 
-609.622421635 
-563.872904059 
-515.864839207 
-466.657268875 
-417.130822539 
-367.964141954 
-319.627361395 
-272.37833975 
-226.265552233 
-181.152290838 
-136.722644996 
-92.5151496301 
-47.9606160304 
-2.41805417892 
44.7801555333 
94.2961566236 
146.743839254 
202.64257137 
262.376374359 
326.166290084 
394.039695688 
465.821153057 
541.111668736 
619.270189249 
699.429592225 
780.504241394 
861.20408252 
940.084637463 
1015.54513428 
1085.90896829 
1149.44914529 
1204.45370688 
1249.27780578 
1282.39988728 
1302.47547547 
1308.38305964 
1299.28344183 
1274.65554402 
1234.3250818 
1178.47899048 
1107.68108236 
1022.86591803 
925.308255803 
816.604126633 
698.628510933 
573.468191072 
443.377182821 
310.703645701 
177.814062645 
47.0305413749 
-79.4559631231 
-199.641159443 
-311.767430898 
-414.388281593 
-506.393182798 
-587.029411548 
-655.928461132 
-713.088843621 
-758.854135238 
-793.884052442 
-819.120942563 
-835.707541609 
-844.93992154 
-848.2002174 
-846.88204337 
-842.317865428 
-835.726224855 
-828.15207107 
-820.40450435 
-813.042808446 
-806.357181492 
-800.348532698 
-794.743760257 
-789.018083695 
-782.433107064 
-774.080649263 
-762.935458956 
-747.940553906 
-728.03298759 
-702.228516927 
-669.710728729 
-629.852215489 
-582.284873364 
-526.936728939 
-464.053979745 
-394.213637122 
-318.324289233 
-237.608306183 
-153.572840795 
-67.9580001037 
17.3111934302 
100.197488267 
178.608928582 
250.466878753 
313.798498225 
366.796962834 
407.893100742 
435.803052644 
449.579660056 
448.646098678 
432.811888076 
402.283799626 
357.660219848 
299.907335918 
230.314119118 
150.45917059 
62.153631604 
-32.6125957114 
-131.744081809 
-233.10654377 
-334.581039125 
-434.135856741 
-529.868508976 
-620.070363763 
-703.251281662 
-778.171390075 
-843.860445104 
-899.628474902 
-945.04618634 
-979.955358618 
-1004.42815123 
-1018.75302999 
-1023.40091411 
-1018.98923212 
-1006.24604668 
-985.967521245 
-958.988602343 
-926.148344613 
-888.280583426 
-846.163624182 
-800.520620059 
-752.00628902 
-701.176487101 
-648.508317318 
-594.381139418 
-539.070310586 
-482.783589066 
-425.63452424 
-367.659987856 
-308.841811041 
-249.100905355 
-188.329240768 
-126.398991071 
-63.174048316 
1.47337393212 
67.629832285 
135.337506207 
204.55024416 
275.118503145 
346.771389888 
419.084570196 
491.464166367 
563.123247375 
633.073587171 
700.115516879 
762.836590337 
819.626594626 
868.703000805 
908.132783515 
935.891230181 
949.905379855 
948.116616716 
928.556185141 
889.430990707 
829.202117952 
746.665278407 
641.028012818 
511.966191071 
359.709196899 
185.073338904 
-10.5207505274 
-225.038545412 
-455.838555128 
-699.725716987 
-953.005596831 
-1211.57245883 
-1470.99915586 
-1726.67215699 
-1973.91596824 
-2208.13025708 
-2424.93664959 
-2620.30405987 
-2790.67148599 
-2933.07411456 
-3045.23497615 
-3125.62313193 
-3173.50774902 
-3188.9664218 
-3172.87448101 
-3126.86241736 
-3053.22773745 
-2954.8496432 
-2835.0747777 
-2697.57412666 
-2546.2132584 
-2384.90025531 
-2217.44428049 
-2047.42125291 
-1878.05687298 
-1712.11672392 
-1551.82378256 
-1398.81323736 
-1254.11526529 
-1118.13298461 
-990.701379548 
-871.116803634 
-758.225554306 
-650.521362505 
-546.255653314 
-443.541879918 
-340.494683614 
-235.340046094 
-126.51155023 
-12.7750470088 
106.710292227 
232.331131721 
363.983996825 
501.050603959 
642.413675333 
786.474627519 
931.224549634 
1074.32394438 
1213.15214913 
1344.92601096 
1466.79467941 
1575.9447197 
1669.71947066 
1745.70053982 
1801.79657524 
1836.31731267 
1848.03883785 
1836.25104599 
1800.76338058 
1741.92990777 
1660.6226951 
1558.21467533 
1436.53306082 
1297.79309034 
1144.53605883 
979.556249172 
805.802094712 
626.305528017 
444.083311666 
262.068812718 
83.0315709471 
-90.4839008532 
-256.214838527 
-412.224544725 
-556.938373409 
-689.158276019 
-808.056491342 
-913.176860221 
-1004.39402483 
-1081.89717509 
-1146.12541377 
-1197.72661727 
-1237.50711355 
-1266.35571533 
-1285.18360498 
-1294.8614522 
-1296.17698435 
-1289.77628037 
-1276.12664287 
-1255.48697147 
-1227.89187271 
-1193.13716576 
-1150.80177613 
-1100.26012707 
-1040.74146674 
-971.347232506 
-891.123155479 
-799.129576775 
-694.490231267 
-576.475102775 
-444.553074342 
-298.473723318 
-138.305703003 
35.5197003722 
222.167882657 
420.389169982 
628.535272952 
844.568230775 
1066.08972045 
1290.41744323 
1514.64379969 
1735.7147054 
1950.5321613 
2156.04315046 
2349.34853103 
2527.78660756 
2689.03119787 
2831.17477974 
2952.7819091 
3052.94968295 
3131.32549442 
3188.11010671 
3224.04714996 
3240.385371 
3238.80505612 
3221.35390858 
3190.35185614 
3148.29000202 
3097.73236095 
3041.18584295 
2981.01507139 
2919.34372831 
2857.97853702 
2798.34674757 
2741.44603813 
2687.8293893 
2637.60448321 
2590.46669842 
2545.73687901 
2502.42588801 
2459.31944165 
2415.0710692 
2368.29981948 
2317.67857014 
2262.03248984 
2200.4246566 
2132.22222334 
2057.15384643 
1975.33317596 
1887.25942185 
1793.80658808 
1696.18750538 
1595.88814568 
1494.59520018 
1394.09526021 
1296.17844505 
1202.5349279 
1114.65050292 
1033.71880395 
960.56005868 
895.565507658 
838.650334493 
789.254433762 
746.343914078 
708.440071622 
673.701588635 
639.984578536 
604.969792721 
566.25455729 
521.478639049 
468.452967762 
405.258889998 
330.377086725 
242.748380918 
141.8566686 
27.7716533944 
-98.8681857681 
-236.838851156 
-384.386921733 
-539.305664037 
-699.019480816 
-860.686412515 
-1021.34285119 
-1178.01298843 
-1327.83699012 
-1468.20396554 
-1596.86094809 
-1711.96951432 
-1812.21131649 
-1896.80992043 
-1965.54803414 
-2018.74802211 
-2057.23574835 
-2082.26926793 
-2095.43932369 
-2098.59174671 
-2093.69954536 
-2082.73864052 
-2067.58551614 
-2049.90902213 
-2031.06979074 
-2012.05919954 
-1993.43985456 
-1975.33798579 
-1957.42534771 
-1938.97044518 
-1918.89655714 
-1895.84087382 
-1868.27654597 
-1834.61198413 
-1793.29091891 
-1742.91847859 
-1682.3641854 
-1610.86958125 
-1528.1239318 
-1434.29991412 
-1330.11086866 
-1216.79691814 
-1096.11407287 
-970.272945469 
-841.857248029 
-713.735853788 
-588.94525399 
-470.562289681 
-361.574621127 
-264.748235582 
-182.511638329 
-116.844807377 
-69.1910845374 
-40.402238059 
-30.6880074973 
-39.6056721721 
-66.0820160366 
-108.444193816 
-164.511434597 
-231.674615427 
-306.995311557 
-387.343598197 
-469.513325718 
-550.351242558 
-626.870287148 
-696.370378944 
-756.512705707 
-805.412028412 
-841.664665507 
-864.39659132 
-873.248020863 
-868.350148558 
-850.297198668 
-820.073920325 
-778.969661166 
-728.499241545 
-670.310393464 
-606.085838737 
-537.471856549 
-465.969371579 
-392.90062075 
-319.345785951 
-246.105658681 
-173.695939926 
-102.352088035 
-32.0538485601 
37.4114821032 
106.421814549 
175.439905514 
244.945952122 
315.364940351 
386.997532495 
459.953801773 
534.10562756 
609.06785413 
684.164555507 
758.425637992 
830.613033557 
899.255043797 
962.705467944 
1019.20082556 
1066.94424674 
1104.17421801 
1129.2596436 
1140.79178535 
1137.63965773 
1119.04006331 
1084.63955222 
1034.52582559 
969.254574828 
889.845441379 
797.753024808 
694.83060485 
583.262145164 
465.502580667 
344.180635129 
222.014661679 
101.69997304 
-14.1743161214 
-123.217457681 
-223.327466543 
-312.746909441 
-390.112867753 
-454.499799847 
-505.428575836 
-542.857799177 
-567.148265205 
-579.037742612 
-579.571269886 
-570.03489751 
-551.877044081 
-526.625692621 
-495.802736211 
-460.847716354 
-423.04860432 
-383.482979095 
-342.974547903 
-302.073323791 
-261.045438471 
-219.869614624 
-178.272503738 
-135.762824932 
-91.6984983275 
-45.3399249996 
4.07749331747 
57.2638272877 
114.814144907 
177.14419076 
244.422961149 
316.536685096 
393.058232264 
473.235144278 
555.989582658 
639.95469519 
723.494258127 
804.775638327 
881.82397367 
952.608692611 
1015.11501534 
1067.43305141 
1107.83358037 
1134.83835626 
1147.31577743 
1144.50639118 
1126.06276601 
1092.09637587 
1043.16548889 
980.261215106 
904.794386628 
818.518264521 
723.496458359 
622.028023667 
516.561908678 
409.607114435 
303.662594842 
201.131658312 
104.251265814 
15.0140269367 
-64.8824041902 
-134.083614654 
-191.606150331 
-236.854561604 
-269.614297647 
-290.044289102 
-298.653026585 
-296.252608504 
-283.914715164 
-262.908892066 
-234.64924088 
-200.627616602 
-162.361192642 
-121.324163825 
-78.8957560945 
-36.3095267179 
5.38199596768 
45.3429674103 
82.9753927469 
117.930562603 
150.098493902 
179.616943718 
206.844754359 
232.324942573 
256.756755227 
280.95400218 
305.797079423 
332.191335332 
360.99903624 
392.994400896 
428.833957229 
468.996203009 
513.753937848 
563.139782159 
616.929422927 
674.619099436 
735.438508808 
798.361037302 
862.123583815 
925.252112447 
986.092966554 
1042.88188699 
1093.78782974 
1136.97653709 
1170.68669168 
1193.26668699 
1203.26739183 
1199.48224294 
1181.00614398 
1147.27829952 
1098.11469201 
1033.7302391 
954.743391758 
862.165120643 
757.377695435 
642.106879528 
518.372336469 
388.432120195 
254.701884724 
119.704594394 
-14.0168544269 
-143.980761542 
-267.838776575 
-383.431916691 
-488.874228164 
-582.585195471 
-663.332695854 
-730.273237273 
-782.947031658 
-821.284438741 
-845.590209764 
-856.514710894 
-855.011581233 
-842.284168987 
-819.711559847 
-788.812913817 
-751.162900863 
-708.336306666 
-661.844447999 
-613.065502231 
-563.215566406 
-513.29065495 
-464.056736987 
-416.029280298 
-369.462274253 
-324.375649004 
-280.557206697 
-237.606274723 
-194.964615467 
-151.978816487 
-107.930360624 
-62.1015009309 
-13.8224394908 
37.4745838048 
92.2179147656 
150.639226049 
212.755980497 
278.346839943 
346.940192939 
417.823527862 
490.039127715 
562.41281757 
633.591289267 
702.065446478 
766.237133776 
824.446558514 
875.050278194 
916.481005514 
947.280438999 
966.170213881 
972.085584971 
964.232616645 
942.101985143 
905.51063567 
854.611632076 
789.892046027 
712.173273378 
622.579473351 
522.531005284 
413.685454702 
297.924291221 
177.284928982 
53.888915762 
-70.0748098447 
-192.437217045 
-311.08001595 
-424.013934615 
-529.412930212 
-625.658126744 
-711.375813008 
-785.459404035 
-847.100100182 
-895.793813855 
-931.325997612 
-953.790823864 
-963.558457201 
-961.248445238 
-947.718715456 
-924.009263989 
-891.318661255 
-850.947295845 
-804.263492071 
-752.652869015 
-697.467225619 
-639.997795447 
-581.424678295 
-522.776936992 
-464.916535584 
-408.515056189 
-354.032927676 
-301.716579857 
-251.611066407 
-203.565717887 
-157.239474216 
-112.145422083 
-67.6761684353 
-23.1435275567 
22.1845570031 
69.0198478757 
118.019727132 
169.731456375 
224.549700614 
282.686380713 
344.12840494 
408.617345607 
475.634081772 
544.402696695 
613.897389379 
682.854751743 
749.820144688 
813.174919817 
871.203288249 
922.13651829 
964.234849425 
995.833692466 
1015.42467064 
1021.71311205 
1013.67141928 
990.592762941 
952.140849656 
898.352500185 
829.664564927 
746.920281371 
651.325590112 
544.432416455 
428.103546072 
304.436528546 
175.715268166 
44.3383451271 
-87.271457554 
-216.715259368 
-341.715726001 
-460.166391887 
-570.194270773 
-670.210330853 
-758.94810422 
-835.479843215 
-899.239467752 
-950.014469817 
-987.926912477 
-1013.41104245 
-1027.16485978 
-1030.126681 
-1023.40931193 
-1008.25720555 
-985.984737204 
-957.924467032 
-925.369233499 
-889.546352224 
-851.56974884 
-812.40679809 
-772.858210108 
-733.534140254 
-694.85097791 
-657.032964486 
-620.126001751 
-584.007990112 
-548.401179329 
-512.920184414 
-477.073453638 
-440.305333199 
-402.034197526 
-361.681200624 
-318.695209197 
-272.599281777 
-223.010540981 
-169.66868458 
-112.462591007 
-51.4418216779 
13.1595356849 
80.9117050508 
151.196457713 
223.207079823 
295.955794155 
368.289937386 
438.918715631 
506.437820873 
569.370590816 
626.206394617 
675.44821861 
715.652981834 
745.481549762 
763.744437832 
769.45865069 
761.869969757 
740.512285762 
705.21166105 
656.109725749 
593.677279991 
518.699884452 
432.280376132 
335.797061699 
230.884183895 
119.372334817 
3.24155012107 
-115.43393548 
-234.548199176 
-352.021055847 
-465.860779983 
-574.228012829 
-675.475097339 
-768.185162682 
-851.211695286 
-923.693952244 
-985.081086727 
-1035.11010407 
-1073.80612816 
-1101.46707935 
-1118.61368837 
-1125.96266995 
-1124.39533256 
-1114.89758577 
-1098.5218035 
-1076.33866921 
-1049.39652283 
-1018.68073188 
-985.105290146 
-949.452906106 
-912.375983308 
-874.377313378 
-835.822626242 
-796.936925955 
-757.801239793 
-718.375222899 
-678.507714877 
-637.96228395 
-596.435744958 
-553.567909539 
-508.982351608 
-462.302513122 
-413.154017367 
-361.209928383 
-306.197902211 
-247.914001049 
-186.240836786 
-121.163326847 
-52.7776818239 
18.6980291708 
92.9180331622 
169.390160745 
247.487385954 
326.449563169 
405.387224444 
483.284563351 
559.023877141 
631.400420549 
699.139329721 
760.943990283 
815.508869209 
861.568003646 
897.928985957 
923.509216668 
937.373341437 
938.777814614 
927.204319142 
902.384712893 
864.316743508 
813.281389213 
749.854558694 
674.888662233 
589.510482442 
495.102720269 
393.255152848 
285.727633366 
174.401132219 
61.240588402 
-51.7750420742 
-162.696910118 
-269.660308787 
-370.953310504 
-465.01964217 
-550.523678397 
-626.369129387 
-691.712626398 
-745.982212879 
-788.878395612 
-820.35411762 
-840.607925302 
-850.056644396 
-849.313696776 
-839.151084807 
-820.466074504 
-794.246934117 
-761.523638411 
-723.340792686 
-680.741871109 
-634.707676005 
-586.16378149 
-535.936756969 
-484.734671061 
-433.146880303 
-381.621810784 
-330.464114496 
-279.857093462 
-229.848725857 
-180.356102618 
-131.192114502 
-82.0592978471 
-32.5993913848 
17.6093196397 
69.0233558081 
122.104193189 
177.272669549 
234.915404394 
295.31615691 
358.638185238 
424.904427363 
493.957634346 
565.437135638 
638.763063741 
713.146981785 
787.567454305 
860.780445714 
931.340751649 
997.642867468 
1057.9493958 
1110.43792385 
1153.25292824 
1184.57246625 
1202.68404096 
1206.03115183 
1193.29473058 
1163.4524705 
1115.82953597 
1050.15121929 
966.563038196 
865.65817996 
748.475042696 
616.484953316 
471.545098624 
315.880910698 
151.996430685 
-17.3806810435 
-189.396996898 
-361.136406213 
-529.747984114 
-692.514368946 
-846.942804591 
-990.837915254 
-1122.3534057 
-1240.05913121 
-1342.96213583 
-1430.52096643 
-1502.65397364 
-1559.6982888 
-1602.39327815 
-1631.81539415 
-1649.2994299 
-1656.3944956 
-1654.76429132 
-1646.11043823 
-1632.09743407 
-1614.27915136 
-1594.03740927 
-1572.51185836 
-1550.5803323 
-1528.8284963 
-1507.54298268 
-1486.7153697 
-1466.06636373 
-1445.07399208 
-1423.03056711 
-1399.10630118 
-1372.38509597 
-1341.96147196 
-1306.98185916 
-1266.73530214 
-1220.69052006 
-1168.5449182 
-1110.26500619 
-1046.11503541 
-976.673104205 
-902.831036817 
-825.768702128 
-746.940465015 
-668.029285486 
-590.880130104 
-517.465363183 
-449.800795212 
-389.899630394 
-339.68069694 
-300.894958837 
-275.080834268 
-263.493365807 
-267.062786962 
-286.346797575 
-321.498318782 
-372.26528782 
-437.977309913 
-517.561243445 
-609.569814448 
-712.213108339 
-823.407228419 
-940.830485346 
-1061.98558836 
-1184.2697265 
-1305.04955351 
-1421.72140922 
-1531.79245423 
-1632.94178445 
-1723.07429935 
-1800.37678334 
-1863.34008758 
-1910.81395098 
-1942.00160564 
-1956.48633229 
-1954.21018554 
-1935.45791066 
-1900.83551108 
-1851.2357906 
-1787.80433247 
-1711.87164301 
-1624.92253246 
-1528.53399916 
-1424.3398701 
-1313.96108412 
-1198.97325207 
-1080.8540927 
-960.949004905 
-840.442296095 
-720.342840751 
-601.457311134 
-484.383651401 
-369.520590627 
-257.08119992 
-147.073541617 
-39.3639549098 
66.3388082109 
170.431637447 
273.380911891 
375.703006755 
477.921882405 
580.523405209 
683.92353626 
788.433895326 
894.237266495 
1001.35059089 
1109.60227953 
1218.614623 
1327.8076068 
1436.39137048 
1543.36904823 
1647.5432308 
1747.54992944 
1841.88699329 
1928.94270844 
2007.04804606 
2074.53624967 
2129.79016434 
2171.28456537 
2197.66084783 
2207.77214372 
2200.75202965 
2176.04892617 
2133.47148505 
2073.21151325 
1995.85910069 
1902.41157693 
1794.25673438 
1673.15781814 
1541.21891179 
1400.81458169 
1254.55353823 
1105.18555929 
955.527641337 
808.381043777 
666.451551583 
532.268499175 
408.089843769 
295.855684007 
197.11815107 
113.002309052 
44.1763561516 
-9.15115125312 
-47.2351183234 
-70.7586059014 
-80.7944012396 
-78.7419069767 
-66.2631456032 
-45.197298779 
-17.4650033714 
14.9912215852 
50.3095238887 
86.8008368683 
123.009015254 
157.777600314 
190.283446163 
220.065173009 
247.038698259 
271.488336843 
294.034030212 
315.584685565 
337.28039638 
360.412429577 
386.343279894 
416.40683151 
451.833255764 
493.66484541 
542.665974359 
599.258883361 
663.475931942 
734.925918355 
812.783772521 
895.793068004 
982.281810676 
1070.23429484 
1157.34316445 
1241.08347014 
1318.82478971 
1387.92290112 
1445.82370116 
1490.17846506 
1518.93591742 
1530.43937385 
1523.49488007 
1497.43300733 
1452.1372252 
1388.07499554 
1306.29515879 
1208.38479917 
1096.41872443 
972.871808121 
840.572705434 
702.57910408 
562.056742044 
422.176557845 
286.011138091 
156.422109919 
35.9523093302 
-73.2458955288 
-169.463227126 
-251.484611578 
-318.632147596 
-370.732769302 
-408.113953855 
-431.552374912 
-442.217143594 
-441.589295588 
-431.369787898 
-413.388752683 
-389.513408532 
-361.544500918 
-331.119776619 
-299.653301625 
-268.25997862 
-237.722630441 
-208.460041519 
-180.508420622 
-153.571258361 
-127.036243425 
-100.038311489 
-71.5125036702 
-40.3038272176 
-5.2246733834 
34.8397982788 
80.851954266 
133.527891512 
193.264257849 
260.091953592 
333.631939561 
413.083695056 
497.221591792 
584.41136199 
672.660525415 
759.677491258 
842.957312941 
919.869256899 
987.76790175 
1044.09487659 
1086.47575133 
1112.85100108 
1121.54155597 
1111.34065241 
1081.5811402 
1032.17276714 
963.619940036 
877.024352733 
774.048078691 
656.872820342 
528.128321188 
390.812565555 
248.17542677 
103.615823009 
-39.4288704372 
-177.612609529 
-307.794422652 
-427.124765774 
-533.171018646 
-623.957956581 
-698.041049958 
-754.543389371 
-793.159327691 
-814.14423747 
-818.2935098 
-806.884507169 
-781.587916671 
-744.403912784 
-697.542123116 
-643.344905772 
-584.16210016 
-522.248695148 
-459.673995283 
-398.253650784 
-339.444856773 
-284.321401359 
-233.548202392 
-187.348393938 
-145.518857058 
-107.46760248 
-72.2651078811 
-38.7007464715 
-5.37323395311 
29.2183550949 
66.5831103389 
108.142127005 
155.140364616 
208.558918704 
269.042931508 
336.844680311 
411.789537414 
493.244676522 
580.126929626 
670.929199199 
763.759557939 
856.400615698 
946.388615039 
1031.09443298 
1107.83432671 
1173.96429895 
1226.97786661 
1264.62732998 
1284.99968877 
1286.6047445 
1268.43477712 
1230.02397238 
1171.45879279 
1093.40459437 
997.075802684 
884.206799259 
757.001886174 
618.045237596 
470.217538744 
316.59458405 
160.346124607 
4.64196258429 
-147.468497945 
-293.136645832 
-429.796369969 
-555.242179667 
-667.673151513 
-765.730257584 
-848.510240394 
-915.567764233 
-966.892533854 
-1002.87421727 
-1024.26197756 
-1032.10258235 
-1027.67292782 
-1012.41290481 
-987.849610842 
-955.537478172 
-916.984171136 
-873.606787596 
-826.66798603 
-777.258933917 
-726.25144219 
-674.306040046 
-621.849899896 
-569.086967278 
-516.007592523 
-462.422701299 
-407.988054629 
-352.230257282 
-294.578419082 
-234.407300798 
-171.07489379 
-103.93335694 
-32.3928155472 
44.0562593994 
125.813323555 
213.141612629 
306.147887103 
404.739706088 
508.606991568 
617.210039643 
729.753816076 
845.195644196 
962.222499686 
1079.25529548 
1194.45109652 
1305.72274896 
1410.78383392 
1507.19976405 
1592.43840557 
1663.94807806 
1719.22913725 
1755.94350356 
1772.01412751 
1765.69431454 
1735.68582572 
1681.2518483 
1602.27175455 
1499.30471686 
1373.62214319 
1227.22595686 
1062.82158306 
883.778814273 
694.061809067 
498.108758306 
300.700678934 
106.805753334 
-78.5855364724 
-250.655083714 
-404.955295613 
-537.595175516 
-645.392969093 
-726.024884054 
-778.113116164 
-801.322543551 
-796.361221247 
-764.956962765 
-709.774667718 
-634.288681805 
-542.615027219 
-439.319346801 
-329.160663378 
-216.870961833 
-106.877387769 
-3.09888823459 
91.2749043828 
173.949362191 
243.654415407 
300.188087589 
344.43516444 
378.277068943 
404.475669978 
426.471832181 
448.14372735 
473.524581584 
506.507902421 
550.529705584 
608.268866174 
681.388575114 
770.322644322 
874.122583534 
990.380527211 
1115.23332541 
1243.46532264 
1368.71462401 
1483.74785546 
1580.80682816 
1652.00411342 
1689.75921805 
1687.23708888 
1638.7876972 
1540.34736449 
1389.77056167 
1187.08159531 
934.611459281 
637.026700009 
301.236220849 
-63.8399192697 
-447.592355148 
-838.194121384 
-1223.13971381 
-1589.84928918 
-1926.32559924 
-2221.79323455 
-2467.35750687 
-2656.54395821 
-2785.7780567 
-2854.76846565 
-2866.71712717 
-2828.36930944 
-2749.93038374 
-2644.79064812 
-2529.07227803 
-2421.06561135 
-2340.50506661 
-2307.78038593 
-2343.0424493 
-2465.33391838 
-2691.71932168 
-3036.46179727 
-3510.29658937 
-4119.86859731 
-4867.27509936 
-5749.82740408 
-6759.99407875 
-7885.53826068 
-9109.87269636 
-10412.5764164 
-11770.0842789 
-13156.500676 
-14544.520341 
-15906.4190931 
-17215.0374455 
-18444.741596 
-19572.3670819 
-20577.9878217 
-21445.598698 
-22163.5987267 
-22725.1080723 
-23128.0853223 
-23375.2459557 
-23473.7689666 
-23434.8398298 
-23273.0431557 
-23005.6033903 
-22651.5671421 
-22230.8956568 
-21763.5685157 
-21268.7068191 
-20763.7432404 
-20263.7269902 
-19780.7252457 
-19323.3954889 
-18896.727593 
-18501.950989 
-18136.6466702 
-17795.0297588 
-17468.3748141 
-17145.5599683 
-16813.7597811 
-16459.1839927 
-16067.8511754 
-15626.3671721 
-15122.6718887 
-14546.7183829 
-13891.0319991 
-13151.1584092 
-12325.9650656 
-11417.7779452 
-10432.3461175 
-9378.67133775 
-8268.67501902 
-7116.7310279 
-5939.08501024 
-4753.21434945 
-3577.12522948 
-2428.64201091 
-1324.70089506 
-280.715117188 
690.000482121 
1576.69387919 
2371.51911552 
3069.75599088 
3669.88236054 
4173.50644109 
4585.18770615 
4912.13434402 
5163.812317 
5351.4487505 
5487.54623249 
5585.32923647 
5658.22392 
5719.3412758 
5781.03893519 
5854.53604626 
5949.6097083 
6074.38296587 
6235.19877456 
6436.57525589 
6681.23995201 
6970.23721275 
7303.07477073 
7677.91214652 
8091.77351332 
8540.75348721 
9020.21983218 
9525.00087931 
10049.5428431 
10588.0338795 
11134.5137887 
11682.9520409 
12227.3020115 
12761.5850739 
13279.9239603 
13776.6494243 
14246.3860895 
14684.2009548 
15085.7664674 
15447.567678 
15767.1364263 
16043.3051437 
16276.4595799 
16468.8016964 
16624.5398079 
16750.0792198 
16854.077993 
16947.4593054 
17043.2958559 
17156.5503415 
17303.7337 
17502.4091957 
17770.5934154 
18126.052303 
18585.5514093 
19164.0300923 
19873.7895705 
20723.7222764 
21718.6068784 
22858.5258309 
24138.4325614 
25547.9170296 
27071.1589481 
28687.1281014 
30370.0086223 
32089.8307534 
33813.3243288 
35504.9279861 
37127.9668203 
38645.8822424 
40023.5218686 
41228.3992376 
42231.8991723 
43010.3363538 
43545.835491 
43827.0096503 
43849.3648149 
43615.4414003 
43134.6790868 
42423.0189631 
41502.2240867 
40398.996634 
39143.9065914 
37770.1710993 
36312.3919869 
34805.2298761 
33282.1346635 
31774.174426 
30308.9945065 
28909.9706888 
27595.5591674 
26378.9027166 
25267.6769719 
24264.1818173 
23365.6539029 
22564.7863243 
21850.4101299 
21208.3112142 
20622.1237112 
20074.2549931 
19546.8097512 
19022.4631773 
18485.2174273 
17921.0619884 
17318.4590291 
16668.6767589 
15965.949466 
15207.4832631 
14393.2927892 
13525.9216105 
12610.0485268 
11652.0102254 
10659.2877799 
9640.00023361 
8602.3834606 
7554.34226103 
6503.05509666 
5454.68587665 
4414.17521172 
3385.13773589 
2369.87009881 
1369.434389 
383.844616535 
-587.729804064 
-1546.68354702 
-2494.68710079 
-3433.39757468 
-4364.19684032 
-5287.97288938 
-6204.94179106 
-7114.54114564 
-8015.386751 
-8905.30059239 
-9781.37869787 
-10640.1656956 
-11477.8242897 
-12290.3487609 
-13073.7974634 
-13824.5212159 
-14539.3648861 
-15215.8604192 
-15852.3475062 
-16448.0710942 
-17003.2018059 
-17518.8273448 
-17996.8650938 
-18439.9480569 
-18851.2539014 
-19234.3093807 
-19592.7521263 
-19930.1359119 
-20249.7201644 
-20554.2738107 
-20845.9224481 
-21126.0235545 
-21395.1344292 
-21652.9690613 
-21898.4180195 
-22129.6387868 
-22344.1765893 
-22539.128449 
-22711.3284083 
-22857.5354634 
-22974.6314719 
-23059.8154619 
-23110.7748693 
-23125.8488699 
-23104.1321798 
-23045.5539917 
-22950.9181945 
-22821.9087896 
-22661.0444143 
-22471.5904277 
-22257.4464267 
-22022.9938544 
-21772.9553412 
-21512.199968 
-21245.5674329 
-20977.6984727 
-20712.8693856 
-20454.8632857 
-20206.8475176 
-19971.2982302 
-19749.9295441 
-19543.6854199 
-19352.7548121 
-19176.6087071 
-19014.0785884 
-18863.4352065 
-18722.5158581 
-18588.8273397 
-18459.701739 
-18332.4147897 
-18204.3064302 
-18072.8934283 
-17935.9752605 
-17791.7086009 
-17638.6744935 
-17475.9147299 
-17302.9460704 
-17119.7499394 
-16926.7445976 
-16724.7473112 
-16514.9165103 
-16298.6952861 
-16077.7130219 
-15853.6959021 
-15628.3945957 
-15403.5160541 
-15180.6565965 
-14961.2439999 
-14746.4884974 
-14537.3423563 
-14334.4757712 
-14138.264098 
-13948.8067228 
-13765.939743 
-13589.2639473 
-13418.1683383 
-13251.8542163 
-13089.38239 
-12929.7067851 
-12771.7235065 
-12614.3196187 
-12456.3788697 
-12296.8318952 
-12134.6629656 
-11968.9342441 
-11798.8024253 
-11623.5316111 
-11442.4871262 
-11255.1405224 
-11061.0799465 
-10859.9896704 
-10651.6565565 
-10435.9474183 
-10212.820779 
-9982.29736443 
-9744.45698659 
-9499.45120231 
-9247.48670663 
-8988.82658004 
-8723.79869273 
-8452.78166104 
-8176.20183697 
-7894.53726662 
-7608.30407543 
-7318.0613469 
-7024.38244499 
-6727.85473879 
-6429.06742542 
-6128.59860469 
-5826.99484062 
-5524.76489141 
-5222.34924296 
-4920.15693689 
-4618.51465247 
-4317.69812199 
-4017.92463022 
-3719.36594935 
-3422.16453848 
-3126.45161002 
-2832.36205173 
-2540.06183038 
-2249.76869667 
-1961.76351472 
-1676.42934491 
-1394.24395997 
-1115.79813173 
-841.799761822 
-573.05422074 
-310.465542662 
-55.0055612592 
192.308459261 
430.450596919 
658.428811232 
875.323333036 
1080.30763107 
1272.71233114 
1452.04962611 
1618.04131742 
1770.64181079 
1910.06246659 
2036.75853406 
2151.43113232 
2255.01166332 
2348.63518863 
2433.59900197 
2511.32196593 
2583.30561293 
2651.07413891 
2716.13716547 
2779.93043669 
2843.77397987 
2908.8399598 
2976.11624668 
3046.3867096 
3120.22680978 
3198.00317887 
3279.86507956 
3365.77975863 
3455.55018377 
3548.84537479 
3645.23202374 
3744.22169428 
3845.29663419 
3947.95665858 
4051.74232036 
4156.26224344 
4261.1999597 
4366.32407073 
4471.4904684 
4576.64313997 
4681.78987338 
4787.00408091 
4892.40358872 
4998.12085413 
5104.28575427 
5211.01132005 
5318.37080363 
5426.37622106 
5534.97871016 
5644.0560194 
5753.40155814 
5862.72432318 
5971.66517941 
6079.80687609 
6186.68815036 
6291.80714882 
6394.63557009 
6494.63247437 
6591.26557318 
6684.00031104 
6772.33436575 
6855.77574067 
6933.86674476 
7006.17728143 
7072.31348629 
7131.91032009 
7184.6288021 
7230.14868616 
7268.1688746 
7298.38502387 
7320.51589683 
7334.2779839 
7339.42109803 
7335.72378559 
7323.01527377 
7301.19148226 
7270.21134479 
7230.13436862 
7181.13816588 
7123.52269167 
7057.72000192 
6984.30233742 
6903.97159183 
6817.54527515 
6725.94768557 
6630.17885959 
6531.30408427 
6430.40813827 
6328.6342835 
6227.13432118 
6127.06506785 
6029.55403593 
5935.64716189 
5846.28325494 
5762.24390016 
5684.14153875 
5612.38148598 
5547.15169436 
5488.41343701 
5435.88383451 
5389.03218118 
5347.1242808 
5309.24751646 
5274.34987713 
5241.28076995 
5208.84501684 
5175.89468896 
5141.37517137 
5104.36122882 
5064.09070642 
5020.02263952 
4971.92433441 
4919.90958477 
4864.42241854 
4806.21075554 
4746.30842584 
4685.99295044 
4626.70503514 
4569.96561276 
4517.27723802 
4470.02312098 
4429.35283909 
4396.10545105 
4370.72606008 
4353.22994221 
4343.1865184 
4339.68567012 
4341.34376178 
4346.37384648 
4352.74102601 
4358.26316768 
4360.74835805 
4358.07601784 
4348.32151588 
4329.90887042 
4301.68754201 
4263.04939995 
4213.97802566 
4155.03102433 
4087.25370183 
4012.1679936 
3931.68192804 
3847.97768486 
3763.33982486 
3679.99403017 
3599.96568031 
3524.90502478 
3455.92113596 
3393.49133458 
3337.39272723 
3286.69326005 
3239.79868048 
3194.55670875 
3148.42597408 
3098.69956792 
3042.74713111 
2978.30873245 
2903.78208329 
2818.49799548 
2722.98671778 
2619.18573216 
2510.55339681 
2402.0910003 
2300.22706348 
2212.64217859 
2147.97006649 
2115.42595393 
2124.33665804 
2183.61331491 
2301.17126507 
2483.32851701 
2734.29370493 
3055.79523706 
3446.65952593 
3902.49069936 
4415.53151533 
4974.77336339 
5566.20804775 
6173.33382252 
6777.76610998 
7360.03020936 
7900.43440496 
8380.03350068 
8781.60711004 
9090.6044049 
9296.00398364 
9391.02570099 
9373.63440476 
9246.83360229 
9018.68312488 
8702.0433803 
8314.04768366 
7875.30032227 
7408.8469785 
6938.98341007 
6489.91484231 
6084.3901182 
5742.33573002 
5479.6106228 
5306.93723615 
5229.0668129 
5244.27747727 
5344.19978573 
5514.04659091 
5733.19781582 
5976.16375801 
6213.86750673 
6415.21127482 
6548.8143592 
6584.85012128 
6496.91138264 
6263.75024568 
5870.8490218 
5311.66357813 
4588.50911722 
3713.00981367 
2706.06325487 
1597.31290786 
424.119685139 
-769.902883642 
-1936.72961159 
-3026.07010008 
-3987.71593105 
-4773.96292921 
-5341.99356349 
-5656.07676614 
-5689.49718545 
-5426.07193985 
-4861.20210746 
-4002.39204952 
-2869.1865877 
-1492.53108733 
86.4128188979 
1817.97585517 
3646.09963182 
5510.75067557 
7350.54441398 
9105.43184015 
10719.3142244 
12142.490842 
13333.7588059 
14262.101264 
14907.8810809 
15263.4588253 
15333.2504094 
15133.22388 
14689.8478071 
14038.5703736 
13221.9025705 
12287.2212432 
11284.4123897 
10263.4402968 
9272.00777808 
8353.42416457 
7544.76654464 
6875.39500784 
6365.87580028 
6027.37883224 
5861.586813 
5861.03890895 
6009.93321626 
6285.28716716 
6658.38916346 
7096.45025842 
7564.36672468 
8026.47888477 
8448.25689396 
8797.80383329 
9047.14696083 
9173.2260472 
9158.57482752 
8991.67401696 
8666.98771261 
8184.70261823 
7550.20330577 
6773.37182332 
5867.72905675 
4849.49333412 
3736.64186215 
2548.02423815 
1302.53525609 
18.4626154983 
-1287.0374286 
-2598.26505477 
-3901.15040089 
-5183.26693813 
-6433.7134505 
-7642.92127981 
-8802.33865955 
-9904.18444304 
-10941.2133201 
-11906.5108747 
-12793.4146134 
-13595.5400005 
-14306.9231722 
-14922.2832816 
-15437.3763697 
-15849.4338796 
-16157.6355042 
-16363.5991104 
-16471.8079064 
-16489.948267 
-16429.128769 
-16303.9345904 
-16132.2872214 
-15935.1016242 
-15735.7487082 
-15559.3169227 
-15431.7123698 
-15378.6246253 
-15424.4241223 
-15591.0252396 
-15896.7687895 
-16355.4218745 
-16975.3265494 
-17758.7408696 
-18701.43948 
-19792.5875757 
-21014.9141911 
-22345.1757058 
-23754.9268564 
-25211.5270739 
-26679.3642851 
-28121.2459867 
-29499.8668741 
-30779.3217921 
-31926.554882 
-32912.6914649 
-33714.1994609 
-34313.8010232 
-34701.1096545 
-34872.9309609 
-34833.2855738 
-34593.0565535 
-34169.3714695 
-33584.6910958 
-32865.6744681 
-32041.9044238 
-31144.4841288 
-30204.601955 
-29252.156911 
-28314.4817937 
-27415.2317085 
-26573.4862057 
-25803.1417873 
-25112.5471282 
-24504.45908 
-23976.276393 
-23520.5289567 
-23125.6160146 
-22776.7185835 
-22456.8547096 
-22147.9798052 
-21832.0958077 
-21492.3189648 
-21113.836616 
-20684.6919344 
-20196.3756009 
-19644.1644014 
-19027.2383226 
-18348.5577435 
-17614.4950044 
-16834.2690763 
-16019.2041746 
-15181.8783683 
-14335.229248 
-13491.6203183 
-12661.9881111 
-11855.0542694 
-11076.7278008 
-10329.6455997 
-9612.97752892 
-8922.40761246 
-8250.37120969 
-7586.50903425 
-6918.31042142 
-6231.93597192 
-5513.11276983 
-4748.1214548 
-3924.78290183 
-3033.40114424 
-2067.58338416 
-1024.94583705 
92.4319229256 
1277.74227835 
2519.43549338 
3801.47243183 
5103.81031048 
6403.17958922 
7673.96025738 
8889.26976337 
10022.1008862 
11046.4977648 
11938.7308513 
12678.3916903 
13249.3649075 
13640.6222713 
13846.8026335 
13868.5473089 
13712.5480344 
13391.3469799 
12922.9160125 
12329.9518455 
11639.0044721 
10879.4240145 
10082.1909787 
9278.73076391 
8499.69817752 
7773.78225102 
7126.64075686 
6580.01904465 
6151.07026567 
5851.89012084 
5689.21285181 
5664.36539724 
5773.47712904 
6007.9004655 
6354.81382208 
6797.94193624 
7318.4362575 
7895.79309689 
8508.77794476 
9136.37389829 
9758.64259678 
10357.4805013 
10917.2851717 
11425.3909311 
11872.3548262 
12252.1105225 
12562.0111121 
12802.6090003 
12977.349872 
13092.073383 
13154.5055489 
13173.6985312 
13159.4352086 
13121.6810128 
13070.0618814 
13013.3671464 
12959.1200739 
12913.3515365 
12880.4453291 
12863.0858441 
12862.274786 
12877.4191586 
12906.573273 
12946.6613536 
12993.7227508 
13043.2348372 
13090.3939335 
13130.421874 
13158.8030572 
13171.5044756 
13165.1375506 
13137.0617885 
13085.4418424 
13009.2696836 
12908.3277956 
12783.1041845 
12634.7157737 
12464.7959401 
12275.3702658 
12068.7125427 
11847.1966454 
11613.1924236 
11368.9822754 
11116.7194233 
10858.3992963 
10595.8483143 
10330.7031616 
10064.4277067 
9798.37148165 
9533.87337491 
9272.2599935 
9014.77752601 
8762.58666206 
8516.77225936 
8278.3697676 
8048.3888429 
7827.76662217 
7617.35863263 
7417.88873767 
7229.9145021 
7053.78124171 
6889.58647364 
6737.15843745 
6596.03565614 
6465.46491704 
6344.42300096 
6231.63960268 
6125.64205633 
6024.82335646 
5927.494642 
5831.96948712 
5736.64081831 
5640.04810261 
5540.95934835 
5438.41174003 
5331.76816906 
5220.73249536 
5105.36203352 
4986.06107039 
4863.55430618 
4738.8423485 
4613.12155209 
4487.73094285 
4364.06715091 
4243.51723327 
4127.36261059 
4016.69475552 
3912.35232065 
3814.8831416 
3724.49535887 
3641.04981472 
3564.05101224 
3492.67548284 
3425.79873011 
3362.04640739 
3299.8558516 
3237.53440644 
3173.34516918 
3105.58786875 
3032.66303581 
2953.14903233 
2865.85550587 
2769.87991314 
2664.65270557 
2549.95260243 
2425.92268417 
2293.05553418 
2152.18100179 
2004.42372599 
1851.15799213 
1693.97269739 
1534.62296048 
1374.94053887 
1216.77532882 
1061.928813 
912.098122736 
768.829611149 
633.482127292 
507.189230426 
390.832759573 
285.011143577 
190.043550423 
105.970828469 
32.5763697967 
-30.5902355523 
-84.1900990511 
-129.042935236 
-166.086861953 
-196.363100903 
-220.95763324 
-240.954791502 
-257.372270058 
-271.140704501 
-283.0918786 
-293.973207762 
-304.401492501 
-314.869925343 
-325.724682747 
-337.15785666 
-349.213263292 
-361.773746357 
-374.580283325 
-387.257783798 
-399.323023341 
-410.233268121 
-419.404674797 
-426.260301674 
-430.260300173 
-430.933982538 
-427.915143025 
-420.969601294 
-410.017576704 
-395.155247397 
-376.655046965 
-354.974384521 
-330.745494601 
-304.751711847 
-277.940932215 
-251.373460124 
-226.195361177 
-203.601991103 
-184.797298631 
-170.953684362 
-163.164892975 
-162.415652612 
-169.495858174 
-185.004767644 
-209.321221096 
-242.579410953 
-284.656176558 
-335.174124241 
-393.512458334 
-458.824607297 
-530.045275316 
-605.93869926 
-685.131284498 
-766.163706259 
-847.537613248 
-927.764806433 
-1005.40797191 
-1079.13323501 
-1147.75044699 
-1210.23841001 
-1265.7781646 
-1313.7749518 
-1353.85624781 
-1385.88885918 
-1409.95646274 
-1426.36559553 
-1435.57901278 
-1438.22621142 
-1435.048169 
-1426.86753833 
-1414.5541612 
-1398.99413459 
-1381.05327236 
-1361.52539069 
-1341.12663212 
-1320.47169835 
-1300.06598806 
-1280.29413067 
-1261.42150537 
-1243.60492533 
-1226.89502327 
-1211.25558756 
-1196.58045271 
-1182.7118182 
-1169.45180388 
-1156.56310749 
-1143.79528349 
-1130.89723045 
-1117.62825956 
-1103.75120602 
-1089.03477662 
-1073.2691852 
-1056.27680292 
-1037.89342602 
-1017.96119013 
-996.332589119 
-972.878017504 
-947.460845824 
-919.962958916 
-890.279360739 
-858.345304942 
-824.145370797 
-787.726688407 
-749.223383918 
-708.854152 
-666.950005136 
-623.96875635 
-580.472678207 
-537.15100739 
-494.786672862 
-454.255373276 
-416.50255809 
-382.509552184 
-353.250974656 
-329.673272711 
-312.639449618 
-302.883272223 
-300.97875306 
-307.29025261 
-321.958297314 
-344.869851003 
-375.64970237 
-413.663286491 
-458.018436743 
-507.598964695 
-561.102966792 
-617.079227138 
-673.98622468 
-730.253417293 
-784.342355692 
-834.821088381 
-880.408371575 
-920.042960678 
-952.929643771 
-978.567389479 
-996.751574669 
-1007.60540762 
-1011.54334707 
-1009.25900641 
-1001.68604551 
-989.942530514 
-975.258300072 
-958.902005694 
-942.122624775 
-926.074972794 
-911.749293566 
-899.922207573 
-891.098586578 
-885.496398317 
-883.022907257 
-883.282979111 
-885.591104345 
-889.009839752 
-892.39688276 
-894.478248602 
-893.952068443 
-889.547202962 
-880.104913411 
-864.647009374 
-842.44192296 
-813.0718144 
-776.456056198 
-732.883645006 
-683.008517162 
-627.82084702 
-568.617052282 
-506.913224545 
-444.396840354 
-382.822568533 
-323.91978933 
-269.300411545 
-220.375711355 
-178.281025455 
-143.814843555 
-117.397425837 
-99.0410452961 
-88.384772604 
-84.7189920208 
-87.0561695653 
-94.1587357425 
-104.623588504 
-116.985885401 
-129.809989877 
-141.774460211 
-151.776863574 
-159.004313599 
-162.993608399 
-163.658748653 
-161.308043529 
-156.615044316 
-150.567057101 
-144.389850149 
-139.470406332 
-137.221034504 
-138.976912565 
-145.846492936 
-158.598553913 
-177.554105943 
-202.52463424 
-232.727591687 
-266.787751985 
-302.757660311 
-338.1794479 
-370.187515357 
-395.642091106 
-411.298184138 
-413.981246951 
-400.811584013 
-369.40733244 
-318.088467021 
-246.058227738 
-153.54281587 
-41.9202005471 
86.2365143539 
227.136864321 
375.843326482 
526.392171881 
671.974483462 
805.199205038 
918.38849613 
1003.92399 
1054.60554873 
1064.03119903 
1026.94655945 
939.587241294 
799.96526474 
608.083468109 
366.092949211 
78.3429769752 
-248.637719631 
-606.281262526 
-984.218396175 
-1370.6044371 
-1752.51965236 
-2116.43352869 
-2448.74043343 
-2736.28996244 
-2966.95564532 
-3130.1737585 
-3217.43322679 
-3222.71784251 
-3142.85133889 
-2977.7377274 
-2730.4762889 
-2407.34820874 
-2017.65494073 
-1573.45752001 
-1089.18421266 
-581.14759358 
-66.8825696458 
435.543060475 
908.293622672 
1334.51094504 
1698.99974341 
1988.88855119 
2194.19950477 
2308.34238572 
2328.45689535 
2255.59722481 
2094.76410273 
1854.76507529 
1547.8727839 
1189.36915412 
796.940215682 
389.933256519 
-11.4180636261 
-386.961517677 
-717.483709879 
-985.574813197 
-1176.43407741 
-1278.49237042 
-1283.84214447 
-1188.47199881 
-992.404735792 
-699.58087612 
-317.755063563 
141.936717721 
665.387830717 
1236.16330936 
1836.38575957 
2447.64993474 
3051.92068986 
3632.422955 
4174.43570451 
4665.94362261 
5098.09589207 
5465.52049427 
5766.48380807 
6002.96257394 
6180.50484811 
6307.89541046 
6396.61653921 
6460.1796597 
6513.34456274 
6571.27672362 
6648.63814027 
6758.69171312 
6912.47444204 
7118.09876123 
7380.58691056 
7701.22023274 
8074.7819248 
8490.78517189 
8936.06024442 
9395.41912251 
9851.5416222 
10286.047536 
10680.8252142 
11020.1422282 
11290.5097863 
11480.9061871 
11583.8530956 
11596.2019843 
11519.6194655 
11360.9490382 
11132.3702037 
10850.5593437 
10535.3366056 
10208.5693084 
9893.50069649 
9614.23543553 
9394.61501805 
9257.34915279 
9223.2676705 
9310.68615308 
9534.88974582 
9907.44350467 
10435.8643473 
11123.4286833 
11969.0815841 
12967.4671606 
14109.0722878 
15380.449933 
16764.5514766 
18241.0818122 
19786.9301518 
21376.6206346 
22982.7900438 
24576.6899188 
26128.7380373 
27609.0922645 
28988.2558178 
30237.7583152 
31330.8490915 
32243.2681426 
32954.0432284 
33446.2731881 
33707.9296942 
33732.5907761 
33520.0676669 
33076.8888745 
32416.5469463 
31559.4920592 
30532.822789 
29369.6363467 
28108.0529086 
26789.8854375 
25458.9960856 
24159.3931134 
22933.1529201 
21818.2678695 
20846.5069019 
20041.4620007 
19416.8738276 
18975.396942 
18707.859964 
18593.2140434 
18599.1458182 
18683.4894217 
18796.2757953 
18882.4022346 
18884.7875648 
18747.8408068 
18421.0706246 
17862.6330983 
17042.5584429 
15945.4360779 
14572.3227477 
12941.6644118 
11089.1587957 
9066.44001459 
6938.6017783 
4780.63355051 
2672.90152834 
695.977962867 
-1074.96145413 
-2575.78372576 
-3758.736768 
-4597.02334869 
-5088.27611809 
-5256.63022537 
-5153.08623005 
-4854.01011618 
-4457.67694867 
-4078.9509277 
-3842.30675147 
-3873.52429124 
-4290.44771994 
-5193.40288889 
-6655.82869186 
-8715.85645522 
-11369.3912911 
-14565.3090224 
-18203.334334 
-22134.9200094 
-26167.3960177 
-30071.4411243 
-33591.6106313 
-36459.6752839 
-38410.0666394 
-39196.7491385 
-38610.5718038 
-36496.0771105 
-32766.7050249 
-27417.3608421 
-20533.3246437 
-12294.706144 
-2975.81340867 
7060.99042585 
17376.988085 
27474.1160605 
36816.8121909 
44857.7277401 
51066.2495538 
54958.383306 
56126.4771736 
54267.1381885 
49205.6744932 
40915.3406451 
29529.6266179 
15348.0620763 
-1162.05945025 
-19383.8160228 
-38558.9175085 
-57824.8769591 
-76250.2871171 
-92874.7117124 
-106752.463209 
-116998.221652 
-122832.195305 
-123622.50153 
-118922.508497 
-108501.11414 
-92364.1324477 
-70765.4594346 
-44207.0859865 
-13427.6293371 
20620.4237374 
56803.9219202 
93851.4903366 
130403.267999 
165065.816501 
196469.660492 
223326.850838 
244485.757452 
258980.575147 
266073.157618 
265285.238529 
256419.438168 
239568.118292 
215109.62605 
183692.253498 
146206.626814 
103747.947077 
57569.9093733 
9032.55778213 
-40453.4129139 
-89483.3709315 
-136713.689673 
-180912.593098 
-221004.540716 
-256106.371826 
-285553.757488 
-308917.078786 
-326006.335467 
-336865.320372 
-341755.881583 
-341133.231827 
-335614.091028 
-325939.395506 
-312933.725354 
-297463.630436 
-280397.147619 
-262568.576512 
-244741.731231 
-227581.238021 
-211630.918777 
-197299.793867 
-184856.020295 
-174428.085984 
-166012.438097 
-159489.141757 
-154640.268763 
-151171.313433 
-148736.959393 
-146961.385582 
-145466.041115 
-143892.682541 
-141921.833834 
-139287.256015 
-135786.261396 
-131285.599727 
-125722.995118 
-119104.632206 
-111499.075246 
-103028.325286 
-93856.7629141 
-84178.8655743 
-74206.4396909 
-64156.2378861 
-54238.5351127 
-44647.2605776 
-35552.0343711 
-27092.3795801 
-19374.1555209 
-12468.1085413 
-6410.39282343 
-1204.75448188 
3174.03859278 
6775.81151161 
9670.11578706 
11941.1975166 
13683.107156 
14995.2516687 
15978.4830067 
16731.8340889 
17349.9424129 
17921.0322625 
18525.4435201 
19234.5520239 
20109.9181064 
21202.5203886 
22552.06859 
24186.2424964 
26119.9216957 
28354.3729635 
30876.5430344 
33658.5676391 
36657.6393254 
39816.3899654 
43063.9615479 
46317.8638965 
49486.734726 
52473.9850678 
55182.2592357 
57518.6373199 
59400.2482412 
60760.0958806 
61552.7270136 
61759.4273446 
61392.4370456 
60493.7086448 
59142.5316747 
57453.522939 
55573.4926856 
53676.1593154 
51954.7259177 
50612.4287983 
49851.3151934 
49859.6570604 
50798.7671837 
52789.7111828 
55900.7985506 
60136.5295178 
65428.7100426 
71630.5378455 
78514.0941866 
85771.8632208 
93022.5316916 
99821.156267 
105673.622731 
110053.157111 
112424.662635 
112268.668614 
109106.897193 
102528.127423 
92213.4388331 
77959.0598451 
59696.0006199 
37505.1377274 
11626.3959387 
-17538.7679545 
-49431.9016857 
-83349.4096512 
-118461.637144 
-153838.866832 
-188483.472626 
-221367.106999 
-251471.377081 
-277830.288822 
-299572.645378 
-315962.50453 
-326435.619306 
-330629.872092 
-328408.048433 
-319871.583063 
-305364.108497 
-285464.065552 
-260966.294326 
-232852.395049 
-202251.740113 
-170396.741445 
-138569.401325 
-108044.05546 
-80028.9172094 
-55587.2960661 
-35595.0800929 
-20695.0835445 
-11258.8061986 
-7362.20011267 
-8774.29306612 
-14959.3292243 
-25094.0634529 
-38099.7503697 
-52687.6191575 
-67416.0888274 
-80758.0331378 
-91174.5797025 
-97191.3375215 
-97473.4328798 
-90896.0745719 
-76607.8472862 
-54082.6220406 
-23157.4947451 
15945.3571225 
62614.29569 
115861.652738 
174355.167566 
236466.037577 
300331.530805 
363929.448186 
425161.068552 
481938.749581 
532274.148791 
574362.897078 
606661.755981 
627954.655533 
637404.52086 
634588.526128 
619515.219146 
592622.820292 
554758.947462 
507142.960899 
451312.826074 
389059.249714 
322350.342389 
253250.408151 
183836.811428 
116118.701373 
51961.2710579 
-6981.1658267 
-59320.5657809 
-103976.909888 
-140204.995153 
-167605.689764 
-186121.872521 
-196020.057739 
-197859.274564 
-192449.366403 
-180801.256627 
-164071.939997 
-143507.099314 
-120384.106048 
-95957.9830492 
-71412.5668879 
-47818.6732809 
-26100.5334904 
-7011.26772797 
8882.36272475 
21206.0803189 
29775.7895454 
34587.8415505 
35803.0924452 
33726.207256 
28781.696658 
21488.0317062 
12431.1559337 
2238.46357731 
-8445.85901459 
-18983.4614935 
-28762.0348961 
-37212.8786126 
-43825.8080028 
-48161.490857 
-49861.3482645 
-48655.2343372 
-44367.0152755 
-36918.1574096 
-26329.2892079 
-12719.6943553 
3695.44255898 
22610.2444366 
43636.0314098 
66312.0572628 
90119.1968059 
114496.507333 
138860.442639 
162626.273008 
185231.038733 
206157.178836 
224955.688061 
241267.650762 
254842.87011 
265554.261552 
273406.885912 
278540.628323 
281225.805221 
