-3049 
-3659 
-3730 
-3759 
-3794 
-3810 
-3809 
-3763 
-3746 
-3736 
-3742 
-3757 
-3747 
-3745 
-3808 
-3862 
-3893 
-3983 
-4039 
-4121 
-4145 
-4172 
-4151 
-4036 
-3951 
-3776 
-3699 
-3735 
-3779 
-3693 
-3794 
-3906 
-4014 
-3975 
-3949 
-3871 
-3851 
-3936 
-3853 
-3878 
-3982 
-3718 
-3942 
-3881 
-3630 
-3743 
-3839 
-3934 
-3613 
-3559 
-3610 
-3333 
-3437 
-3590 
-3360 
-3031 
-3133 
-3301 
-3044 
-2117 
-3696 
-4481 
-2605 
-2903 
-3018 
-2887 
-2905 
-2964 
-3108 
-3356 
-2962 
-2933 
-3105 
-2874 
-2916 
-3098 
-3123 
-2898 
-2776 
-2663 
-2610 
-2511 
-2408 
-2238 
-2923 
-3660 
-3728 
-3008 
-2519 
-2518 
-2421 
-2466 
-2573 
-2517 
-2635 
-2360 
-2606 
-2616 
-2557 
-2597 
-2646 
-2756 
-2818 
-2779 
-2277 
-2052 
-1951 
-1986 
-1843 
-1893 
-2105 
-2612 
-2391 
-2386 
-2432 
-2421 
-2382 
-2373 
-2396 
-2389 
-2453 
-2181 
-1994 
-2095 
-2311 
-2336 
-2315 
-2412 
-2492 
-2495 
-2429 
-2370 
-2388 
-2379 
-2369 
-2284 
-2280 
-2205 
-2180 
-2143 
-2213 
-2254 
-2332 
-2283 
-2101 
-2015 
-1752 
-1593 
-1479 
-1435 
-1411 
-1605 
-1692 
-1502 
-1349 
-1270 
-1201 
-1319 
-1310 
-1185 
-1230 
-1368 
-1439 
-1542 
-1618 
-1677 
-1813 
-1581 
-1366 
-1436 
-1654 
-1623 
-1427 
-1220 
-1257 
-1384 
-1563 
-1532 
-1995 
-1693 
-1677 
-1629 
-1591 
-1899 
-1816 
-1949 
-2207 
-2441 
-2026 
-1908 
-1833 
-1749 
-1634 
-1579 
-1782 
-1363 
-1236 
-829 
-772 
-627 
-543 
-581 
-490 
-523 
-510 
-784 
-1205 
-1270 
-1286 
-1013 
-907 
-929 
-923 
-803 
-955 
-995 
-889 
-814 
-1025 
-1199 
-1210 
-1133 
-1043 
-931 
-887 
-1047 
-1116 
-1359 
-1704 
-1827 
-1732 
-1555 
-1471 
-1536 
-1626 
-1667 
-1915 
-2366 
-2831 
-2898 
-2854 
-2877 
-2988 
-2961 
-2906 
-2973 
-3050 
-3508 
-3697 
-3946 
-4422 
-4625 
-4228 
-3599 
-3158 
-3227 
-3703 
-4688 
-6235 
-7161 
-6672 
-5296 
-4236 
-4396 
-4962 
-4829 
-4052 
-3120 
-3109 
-3457 
-3417 
-3219 
-3041 
-3202 
-3199 
-3218 
-3256 
-3374 
-3148 
-3222 
-3025 
-3464 
-3553 
-3246 
-3318 
-3385 
-3479 
-3391 
-3395 
-3385 
-3366 
-3431 
-3553 
-3591 
-3655 
-3718 
-3668 
-3673 
-3623 
-3707 
-3521 
-3534 
-3579 
-3564 
-3530 
-3672 
-3154 
-3638 
-3633 
-3589 
-3612 
-3588 
-3615 
-3675 
-3876 
-3868 
-3819 
-3725 
-3709 
-3805 
-3815 
-4076 
-4200 
-4020 
-4082 
-3814 
-3901 
-4169 
-4176 
-3962 
-3844 
-4070 
-4005 
-3953 
-3836 
-3906 
-4071 
-4340 
-4431 
-4192 
-3971 
-3884 
-3570 
-3194 
-2915 
-3050 
-3315 
-3353 
-3251 
-3127 
-3195 
-3284 
-3227 
-3202 
-2995 
-2995 
-3206 
-3318 
-3294 
-3284 
-3316 
-3253 
-3306 
-3438 
-3537 
-3550 
-3599 
-3812 
-3971 
-4191 
-4347 
-4479 
-4389 
-3949 
-3568 
-3467 
-3599 
-3730 
-3768 
-3879 
-3958 
-4150 
-4240 
-4152 
-4349 
-4408 
-4279 
-4272 
-4343 
-4481 
-4516 
-4321 
-3981 
-3857 
-3515 
-4446 
-3095 
-4251 
-3997 
-3937 
-3846 
-3788 
-3729 
-3790 
-3830 
-3859 
-3849 
-3946 
-4009 
-4044 
-4053 
-3881 
-3980 
-4003 
-4156 
-4290 
-4303 
-4277 
-4302 
-4033 
-3929 
-3886 
-3910 
-3973 
-3997 
-4069 
-4112 
-4107 
-4101 
-4102 
-4070 
-4015 
-3883 
-3830 
-3833 
-3893 
-3908 
-4002 
-4085 
-3989 
-3995 
-3989 
-4092 
-4223 
-4290 
-4292 
-4216 
-4107 
-4097 
-4140 
-4109 
-3968 
-4100 
-3942 
-3769 
-3665 
-3805 
-3916 
-4084 
-4235 
-4148 
-4112 
-3989 
-4098 
-4052 
-3958 
-4031 
-4123 
-4100 
-4252 
-4160 
-4299 
-4392 
-4174 
-4206 
-4065 
-3850 
-3855 
-3876 
-3673 
-3682 
-3677 
-3682 
-3586 
-3650 
-3698 
-3671 
-3675 
-3495 
-3754 
-3419 
-4376 
-4760 
-4595 
-3615 
-3991 
-3790 
-4011 
-4729 
-5221 
-3912 
-3341 
-4188 
-4635 
-3959 
-3683 
-4107 
-4121 
-3858 
-4013 
-4205 
-4088 
-4012 
-4043 
-3940 
-3918 
-4135 
-4307 
-4281 
-4064 
-3940 
-4003 
-4167 
-4219 
-4018 
-3980 
-4016 
-3810 
-3413 
-3361 
-3872 
-4312 
-4433 
-4138 
-3760 
-3816 
-4054 
-3958 
-3816 
-3867 
-3705 
-3834 
-3996 
-4244 
-4311 
-4420 
-4408 
-4425 
-4202 
-4050 
-4061 
-4069 
-3994 
-3860 
-3665 
-3545 
-3566 
-3604 
-3630 
-3687 
-3741 
-3818 
-3831 
-3804 
-3823 
-3843 
-3775 
-3760 
-3838 
-3961 
-4052 
-4059 
-3979 
-3838 
-3679 
-3584 
-3544 
-3492 
-3449 
-3384 
-3323 
-3356 
-3473 
-3569 
-3570 
-3565 
-3526 
-3538 
-3598 
-3604 
-3568 
-3548 
-3538 
-3574 
-3597 
-3620 
-3629 
-3633 
-3607 
-3563 
-3528 
-3500 
-3465 
-3439 
-3442 
-3492 
-3523 
-3494 
-3488 
-3519 
-3539 
-3535 
-3485 
-3469 
-3520 
-3572 
-3503 
-3429 
-3471 
-3516 
-3542 
-3506 
-3465 
-3395 
-3397 
-3462 
-3536 
-3562 
-3553 
-3465 
-3395 
-3425 
-3496 
-3488 
-3467 
-3415 
-3398 
-3370 
-3369 
-3402 
-3446 
-3449 
-3427 
-3410 
-3432 
-3412 
-3384 
-3393 
-3407 
-3433 
-3420 
-3411 
-3387 
-3406 
-3415 
-3429 
-3405 
-3390 
-3396 
-3443 
-3438 
-3348 
-3299 
-3352 
-3457 
-3493 
-3443 
-3448 
-3529 
-3587 
-3562 
-3482 
-3439 
-3453 
-3430 
-3404 
-3384 
-3351 
-3330 
-3383 
-3412 
-3391 
-3371 
-3332 
-3301 
-3277 
-3327 
-3378 
-3394 
-3393 
-3342 
-3336 
-3377 
-3380 
-3374 
-3381 
-3380 
-3379 
-3386 
-3345 
-3323 
-3339 
-3313 
-3270 
-3294 
-3343 
-3382 
-3385 
-3404 
-3378 
-3367 
-3376 
-3396 
-3409 
-3389 
-3338 
-3299 
-3334 
-3370 
-3342 
-3332 
-3322 
-3340 
-3329 
-3345 
-3355 
-3374 
-3334 
-3305 
-3320 
-3377 
-3393 
-3387 
-3372 
-3341 
-3342 
-3338 
-3333 
-3314 
-3288 
-3272 
-3265 
-3259 
-3256 
-3271 
-3277 
-3283 
-3288 
-3279 
-3261 
-3271 
-3235 
-3245 
-3274 
-3302 
-3322 
-3303 
-3280 
-3274 
-3285 
-3298 
-3297 
-3276 
-3258 
-3270 
-3284 
-3269 
-3262 
-3264 
-3261 
-3265 
-3263 
-3265 
-3270 
-3269 
-3273 
-3265 
-3270 
-3234 
-3208 
-3236 
-3256 
-3237 
-3233 
-3244 
-3276 
-3264 
-3241 
-3251 
-3284 
-3273 
-3235 
-3248 
-3263 
-3251 
-3244 
-3238 
-3265 
-3261 
-3258 
-3262 
-3282 
-3271 
-3242 
-3262 
-3247 
-3239 
-3244 
-3260 
-3228 
-3231 
-3253 
-3252 
-3243 
-3241 
-3247 
-3242 
-3246 
-3231 
-3232 
-3243 
-3244 
-3229 
-3242 
-3259 
-3275 
-3251 
-3245 
-3245 
-3254 
-3259 
-3256 
-3242 
-3242 
-3238 
-3242 
-3263 
-3245 
-3226 
-3238 
-3242 
-3224 
-3234 
-3224 
-3245 
-3245 
-3245 
-3245 
-3247 
-3253 
-3256 
-3258 
-3243 
-3245 
-3250 
-3244 
-3256 
-3230 
-3235 
-3256 
-3264 
-3253 
-3229 
-3244 
-3231 
-3234 
-3230 
-3231 
-3224 
-3232 
-3245 
-3239 
-3239 
-3245 
-3235 
-3244 
-3237 
-3226 
-3224 
-3244 
-3250 
-3244 
-3246 
-3250 
-3276 
-3252 
-3251 
-3245 
-3233 
-3229 
-3244 
-3245 
-3240 
-3226 
-3239 
-3236 
-3245 
-3232 
-3235 
-3248 
-3248 
-3241 
-3234 
-3227 
-3242 
-3236 
-3235 
-3235 
-3234 
-3236 
-3238 
-3240 
-3241 
-3234 
-3244 
-3229 
-3249 
-3233 
-3241 
-3240 
-3243 
-3231 
-3240 
-3236 
-3229 
-3226 
-3245 
-3218 
-3211 
-3243 
-3257 
-3249 
-3231 
-3244 
-3249 
-3247 
-3230 
-3244 
-3244 
-3236 
-3240 
-3236 
-3225 
-3240 
-3235 
-3246 
-3229 
-3236 
-3256 
-3255 
-3237 
-3215 
-3231 
-3256 
-3233 
-3226 
-3248 
-3245 
-3242 
-3239 
-3249 
-3241 
-3239 
-3233 
-3219 
-3233 
-3243 
-3228 
-3250 
-3249 
-3247 
-3248 
-3243 
-3239 
-3227 
-3216 
-3225 
-3230 
-3245 
-3236 
-3250 
-3231 
-3246 
-3252 
-3248 
-3228 
-3242 
-3245 
-3230 
-3238 
-3244 
-3239 
-3239 
-3234 
-3232 
-3238 
-3244 
-3249 
-3237 
-3225 
-3235 
-3237 
-3227 
-3236 
-3233 
-3236 
-3231 
-3236 
-3241 
-3231 
-3233 
-3233 
-3226 
-3228 
-3219 
-3223 
-3231 
-3216 
-3237 
-3240 
-3219 
-3213 
-3251 
-3244 
-3230 
-3231 
-3241 
-3241 
-3224 
-3221 
-3239 
-3234 
-3235 
-3242 
-3235 
-3238 
-3244 
-3226 
-3224 
-3225 
-3224 
-3227 
-3231 
-3233 
-3227 
-3251 
-3239 
-3226 
-3212 
-3227 
-3225 
-3241 
-3223 
-3223 
-3224 
-3241 
-3229 
-3233 
-3233 
-3225 
-3216 
-3223 
-3228 
-3232 
-3230 
-3229 
-3237 
-3228 
-3229 
-3230 
-3234 
-3220 
-3212 
-3226 
-3238 
-3223 
-3219 
-3245 
-3251 
-3240 
-3240 
-3243 
-3237 
-3230 
-3236 
-3236 
-3232 
-3227 
-3227 
-3236 
-3231 
-3224 
-3225 
-3221 
-3222 
-3222 
-3224 
-3236 
-3245 
-3232 
-3231 
-3230 
-3246 
-3232 
-3228 
-3231 
-3222 
-3229 
-3238 
-3238 
-3215 
-3236 
-3232 
-3238 
-3228 
-3234 
-3227 
-3232 
-3224 
-3212 
-3217 
-3222 
-3230 
-3233 
-3234 
-3236 
-3235 
-3223 
-3240 
-3217 
-3221 
-3228 
-3232 
-3227 
-3228 
-3247 
-3235 
-3243 
-3234 
-3230 
-3233 
-3225 
-3236 
-3221 
-3224 
-3224 
-3232 
-3239 
-3231 
-3229 
-3225 
-3228 
-3235 
-3222 
-3230 
-3238 
-3256 
-3251 
-3235 
-3238 
-3230 
-3227 
-3221 
-3214 
-3224 
-3225 
-3231 
-3229 
-3231 
-3223 
-3229 
-3224 
-3225 
-3226 
-3233 
-3225 
-3219 
-3221 
-3224 
-3226 
-3243 
-3226 
-3240 
-3232 
-3245 
-3221 
-3215 
-3227 
-3216 
-3217 
-3218 
-3228 
-3240 
-3233 
-3227 
-3228 
-3239 
-3215 
-3211 
-3214 
-3227 
-3226 
-3223 
-3236 
-3244 
-3224 
-3225 
-3232 
-3226 
-3237 
-3232 
-3229 
-3219 
-3224 
-3240 
-3226 
-3228 
-3227 
-3238 
-3234 
-3221 
-3235 
-3237 
-3206 
-3220 
-3227 
-3242 
-3236 
-3222 
-3223 
-3240 
-3238 
-3227 
-3222 
-3224 
-3218 
-3234 
-3231 
-3214 
-3236 
-3229 
-3231 
-3230 
-3235 
-3231 
-3233 
-3231 
-3233 
-3237 
-3231 
-3218 
-3228 
-3228 
-3242 
-3229 
-3242 
-3233 
-3234 
-3229 
-3237 
-3216 
-3221 
-3226 
-3242 
-3228 
-3233 
-3231 
-3227 
-3231 
-3230 
-3224 
-3217 
-3226 
-3227 
-3222 
-3226 
-3233 
-3238 
-3225 
-3222 
-3220 
-3242 
-3234 
-3215 
-3244 
-3237 
-3237 
-3217 
-3213 
-3229 
-3251 
-3213 
-3219 
-3223 
-3232 
-3224 
-3225 
-3213 
-3225 
-3232 
-3245 
-3230 
-3238 
-3229 
-3229 
-3227 
-3219 
-3226 
-3232 
-3227 
-3225 
-3229 
-3230 
-3218 
-3216 
-3221 
-3221 
-3220 
-3224 
-3221 
-3227 
-3227 
-3226 
-3225 
-3227 
-3212 
-3230 
-3241 
-3235 
-3231 
-3234 
-3229 
-3228 
-3223 
-3219 
-3226 
-3226 
-3221 
-3222 
-3225 
-3230 
-3226 
-3220 
-3230 
-3229 
-3219 
-3214 
-3226 
-3226 
-3235 
-3234 
-3231 
-3211 
-3223 
-3230 
-3228 
-3231 
-3221 
-3232 
-3237 
-3227 
-3228 
-3229 
-3224 
-3226 
-3213 
-3220 
-3221 
-3233 
-3231 
-3216 
-3211 
-3227 
-3223 
-3223 
-3224 
-3228 
-3234 
-3225 
-3221 
-3226 
-3227 
-3228 
-3224 
-3221 
-3228 
-3222 
-3216 
-3236 
-3227 
-3218 
-3227 
-3233 
-3226 
-3233 
-3236 
-3244 
-3227 
-3231 
-3220 
-3223 
-3219 
-3229 
-3226 
-3225 
-3220 
-3231 
-3216 
-3206 
-3241 
-3235 
-3215 
-3218 
-3238 
-3216 
-3221 
-3220 
-3222 
-3219 
-3215 
-3219 
-3228 
-3226 
-3228 
-3233 
-3230 
-3222 
-3214 
-3226 
-3223 
-3210 
-3219 
-3222 
-3227 
-3221 
-3223 
-3230 
-3221 
-3222 
-3234 
-3225 
-3224 
-3216 
-3221 
-3229 
-3229 
-3232 
-3219 
-3224 
-3233 
-3226 
-3228 
-3234 
-3215 
-3213 
-3226 
-3215 
-3225 
-3223 
-3226 
-3220 
-3229 
-3223 
-3223 
-3222 
-3230 
-3228 
-3232 
-3226 
-3226 
-3227 
-3230 
-3222 
-3235 
-3234 
-3227 
-3216 
-3212 
-3225 
-3230 
-3231 
-3221 
-3211 
-3227 
-3227 
-3217 
-3236 
-3227 
-3225 
-3221 
-3226 
-3219 
-3227 
-3226 
-3234 
-3217 
-3224 
-3231 
-3237 
-3226 
-3219 
-3224 
-3227 
-3220 
-3233 
-3229 
-3231 
-3218 
-3224 
-3221 
-3233 
-3229 
-3219 
-3233 
-3226 
-3236 
-3227 
-3236 
-3233 
-3224 
-3219 
-3231 
-3219 
-3214 
-3215 
-3214 
-3225 
-3215 
-3221 
-3228 
-3219 
-3222 
-3240 
-3233 
-3216 
-3235 
-3229 
-3216 
-3235 
-3217 
-3223 
-3225 
-3225 
-3242 
-3245 
-3250 
-3230 
-3233 
-3223 
-3225 
-3224 
-3216 
-3225 
-3224 
-3227 
-3221 
-3237 
-3223 
-3217 
-3226 
-3220 
-3219 
-3226 
-3221 
-3224 
-3228 
-3229 
-3216 
-3217 
-3216 
-3232 
-3226 
-3222 
-3220 
-3229 
-3215 
-3227 
-3245 
-3225 
-3210 
-3220 
-3229 
-3226 
-3218 
-3233 
-3226 
-3228 
-3221 
-3221 
-3219 
-3220 
-3220 
-3226 
-3227 
-3229 
-3217 
-3229 
-3222 
-3221 
-3232 
-3244 
-3227 
-3229 
-3228 
-3227 
-3217 
-3215 
-3220 
-3226 
-3226 
-3227 
-3234 
-3245 
-3228 
-3228 
-3222 
-3220 
-3213 
-3225 
-3218 
-3211 
-3210 
-3221 
-3225 
-3219 
-3217 
-3212 
-3217 
-3229 
-3232 
-3222 
-3208 
-3217 
-3216 
-3214 
-3225 
-3231 
-3230 
-3226 
-3230 
-3229 
-3216 
-3221 
-3218 
-3215 
-3211 
-3221 
-3231 
-3228 
-3231 
-3223 
-3231 
-3221 
-3216 
-3225 
-3220 
-3228 
-3215 
-3240 
-3244 
-3233 
-3207 
-3218 
-3219 
-3216 
-3205 
-3219 
-3231 
-3243 
-3232 
-3242 
-3226 
-3208 
-3209 
-3225 
-3221 
-3226 
-3225 
-3232 
-3221 
-3210 
-3222 
-3217 
-3221 
-3222 
-3227 
-3217 
-3229 
-3211 
-3221 
-3225 
-3229 
-3217 
-3226 
-3219 
-3225 
-3212 
-3213 
-3224 
-3230 
-3220 
-3221 
-3224 
-3228 
-3226 
-3211 
-3218 
-3223 
-3230 
-3215 
-3213 
-3212 
-3218 
-3228 
-3213 
-3200 
-3211 
-3218 
-3240 
-3246 
-3226 
-3216 
-3227 
-3231 
-3232 
-3216 
-3224 
-3221 
-3223 
-3226 
-3232 
-3219 
-3222 
-3223 
-3225 
-3206 
-3209 
-3233 
-3235 
-3226 
-3231 
-3235 
-3231 
-3211 
-3220 
-3216 
-3218 
-3216 
-3225 
-3240 
-3221 
-3216 
-3220 
-3221 
-3213 
-3217 
-3221 
-3224 
-3222 
-3237 
-3238 
-3218 
-3217 
-3210 
-3232 
-3216 
-3222 
-3229 
-3216 
-3230 
-3230 
-3229 
-3232 
-3216 
-3212 
-3227 
-3224 
-3221 
-3225 
-3219 
-3245 
-3232 
-3215 
-3218 
-3217 
-3219 
-3226 
-3227 
-3225 
-3219 
-3218 
-3220 
-3211 
-3207 
-3206 
-3202 
-3211 
-3216 
-3219 
-3229 
-3255 
-3235 
-3230 
-3220 
-3232 
-3233 
-3237 
-3228 
-3228 
-3228 
-3223 
-3228 
-3246 
-3259 
-3284 
-3280 
-3281 
-3245 
-3220 
-3235 
-3232 
-3214 
-3224 
-3232 
-3244 
-3224 
-3255 
-3237 
-3258 
-3297 
-3273 
-3238 
-3265 
-3277 
-3259 
-3238 
-3254 
-3304 
-3340 
-3360 
-3337 
-3309 
-3314 
-3296 
-3237 
-3226 
-3251 
-3262 
-3267 
-3231 
-3212 
-3229 
-3264 
-3269 
-3275 
-3297 
-3312 
-3311 
-3303 
-3296 
-3276 
-3286 
-3264 
-3268 
-3288 
-3308 
-3333 
-3379 
-3443 
-3414 
-3351 
-3266 
-3224 
-3198 
-3253 
-3363 
-3310 
-3220 
-3226 
-3330 
-3377 
-3370 
-3395 
-3395 
-3400 
-3390 
-3341 
-3326 
-3326 
-3293 
-3255 
-3210 
-3175 
-3127 
-3128 
-3134 
-3115 
-3095 
-3100 
-3042 
-3009 
-2956 
-2813 
-2784 
-3037 
-3348 
-3425 
-3366 
-3310 
-3238 
-3101 
-2976 
-2893 
-2827 
-2803 
-2727 
-2676 
-2694 
-2689 
-2643 
-2624 
-2594 
-2615 
-2629 
-2583 
-2537 
-2505 
-2508 
-2450 
-2438 
-2656 
-2717 
-2664 
-2623 
-2612 
-2606 
-2633 
-2668 
-2677 
-2666 
-2644 
-2705 
-2746 
-2730 
-2720 
-2735 
-2700 
-2706 
-2803 
-2963 
-3068 
-3140 
-3173 
-3193 
-3086 
-2826 
-2621 
-2571 
-2562 
-2474 
-2304 
-2220 
-2308 
-2531 
-2750 
-2821 
-2759 
-2844 
-3036 
-3285 
-3488 
-3520 
-3451 
-3361 
-3346 
-3385 
-3409 
-3367 
-3291 
-3366 
-3428 
-3316 
-3168 
-3144 
-3133 
-3091 
-3112 
-3206 
-3353 
-3422 
-3428 
-3399 
-3355 
-3320 
-3267 
-3199 
-3138 
-3095 
-3091 
-3077 
-3037 
-2977 
-2922 
-2903 
-2891 
-2905 
-2943 
-2989 
-3013 
-3009 
-3029 
-3072 
-3118 
-3133 
-3087 
-3042 
-3035 
-2996 
-2953 
-2904 
-2881 
-2898 
-2914 
-2920 
-2952 
-2967 
-2989 
-2959 
-2916 
-2896 
-2912 
-2933 
-2923 
-2890 
-2872 
-2848 
-2835 
-2834 
-2837 
-2838 
-2845 
-2849 
-2889 
-2917 
-2946 
-2963 
-3005 
-3032 
-3041 
-3055 
-3045 
-3035 
-3023 
-3019 
-2984 
-2958 
-2955 
-2935 
-2935 
-2930 
-2928 
-2922 
-2910 
-2922 
-2936 
-2931 
-2923 
-2911 
-2911 
-2895 
-2931 
-2944 
-2949 
-2929 
-2926 
-2925 
-2936 
-2941 
-2949 
-2960 
-2967 
-2977 
-2997 
-3035 
-3046 
-3051 
-3049 
-3039 
-2999 
-2979 
-2995 
-2991 
-2977 
-2982 
-3015 
-3024 
-2981 
-2987 
-3002 
-3001 
-2976 
-2976 
-2972 
-2990 
-2974 
-2966 
-2950 
-2960 
-2958 
-2937 
-2931 
-2940 
-2954 
-2955 
-2974 
-3003 
-3000 
-3015 
-3015 
-3025 
-3028 
-3033 
-3026 
-3035 
-3015 
-3004 
-2977 
-2985 
-2967 
-2966 
-2978 
-2981 
-2952 
-2972 
-2986 
-2981 
-2982 
-2957 
-2950 
-2930 
-2928 
-2928 
-2942 
-2946 
-2964 
-2968 
-2982 
-2982 
-2981 
-2982 
-2976 
-2974 
-2958 
-2959 
-2969 
-2976 
-2989 
-2993 
-3003 
-2989 
-2991 
-2988 
-2974 
-2964 
-2942 
-2954 
-2949 
-2966 
-2975 
-2969 
-2964 
-2952 
-2965 
-2964 
-2960 
-2964 
-2974 
-2984 
-2987 
-2988 
-2992 
-3002 
-2995 
-2994 
-2971 
-2958 
-2968 
-2963 
-2961 
-2972 
-2959 
-2970 
-2985 
-2991 
-2986 
-2974 
-2981 
-2987 
-2971 
-2980 
-2967 
-2967 
-2971 
-2974 
-2986 
-2984 
-2976 
-2986 
-2967 
-2984 
-2977 
-2975 
-2985 
-2967 
-2980 
-2969 
-2984 
-2979 
-2981 
-2972 
-2975 
-2967 
-2979 
-2981 
-2959 
-2956 
-2958 
-2960 
-2964 
-2988 
-2976 
-2963 
-2966 
-2987 
-2977 
-2971 
-2975 
-2974 
-2987 
-2974 
-2973 
-2971 
-2979 
-2980 
-2989 
-2978 
-2976 
-2988 
-2976 
-2967 
-2988 
-2983 
-2968 
-2947 
-2963 
-2980 
-2977 
-2966 
-2973 
-2969 
-2993 
-3009 
-2986 
-2982 
-2986 
-2996 
-2983 
-2958 
-2975 
-2970 
-2970 
-2961 
-2962 
-2977 
-2981 
-2979 
-2974 
-2954 
-2975 
-2967 
-2987 
-2979 
-2970 
-2982 
-2992 
-2984 
-2982 
-2962 
-2963 
-2953 
-2961 
-2968 
-2963 
-2962 
-2970 
-2980 
-2985 
-2979 
-2966 
-2952 
-2976 
-2977 
-2982 
-2973 
-2985 
-2995 
-2973 
-2978 
-2975 
-2980 
-2973 
-2977 
-2986 
-2980 
-2987 
-2964 
-2965 
-2972 
-2970 
-2960 
-2970 
-2971 
-2962 
-2976 
-2986 
-2982 
-3001 
-2994 
-2987 
-3005 
-3001 
-2998 
-2990 
-2981 
-2974 
-2972 
-2957 
-2961 
-2977 
-2959 
-2950 
-2925 
-2898 
-2909 
-2947 
-2972 
-2957 
-2967 
-3005 
-3014 
-3029 
-3024 
-3033 
-3028 
-3020 
-3015 
-3005 
-2989 
-2984 
-2984 
-2945 
-2935 
-2905 
-2886 
-2878 
-2894 
-2925 
-2970 
-3000 
-3018 
-3036 
-3064 
-3059 
-3049 
-3023 
-3020 
-2985 
-2948 
-2930 
-2904 
-2912 
-2921 
-2932 
-2947 
-2965 
-2969 
-2976 
-2975 
-2968 
-2977 
-2952 
-2948 
-2939 
-2956 
-2960 
-2953 
-2945 
-2962 
-2975 
-2982 
-2993 
-2992 
-2973 
-2955 
-2959 
-2939 
-2930 
-2934 
-2944 
-2944 
-2939 
-2938 
-2967 
-2968 
-2963 
-2959 
-2971 
-2959 
-2968 
-2969 
-2973 
-2961 
-2969 
-2959 
-2963 
-2951 
-2974 
-2965 
-2963 
-2964 
-2952 
-2975 
-2972 
-2977 
-2974 
-2966 
-2956 
-2956 
-2958 
-2977 
-2977 
-2962 
-2960 
-2965 
-2965 
-2964 
-2953 
-2952 
-2950 
-2958 
-2957 
-2974 
-2964 
-2964 
-2952 
-2954 
-2961 
-2971 
-2954 
-2942 
-2962 
-2974 
-2988 
-2982 
-2970 
-2961 
-2956 
-2960 
-2959 
-2949 
-2941 
-2955 
-2941 
-2954 
-2959 
-2976 
-2978 
-2959 
-2951 
-2950 
-2969 
-2966 
-2969 
-2957 
-2972 
-2973 
-2965 
-2959 
-2964 
-2968 
-2958 
-2961 
-2972 
-2960 
-2962 
-2974 
-2967 
-2954 
-2964 
-2963 
-2976 
-2969 
-2960 
-2973 
-2960 
-2970 
-2966 
-2967 
-2954 
-2967 
-2957 
-2950 
-2966 
-2977 
-2972 
-2965 
-2967 
-2977 
-2965 
-2939 
-2947 
-2951 
-2974 
-2957 
-2957 
-2957 
-2970 
-2971 
-2964 
-2971 
-2974 
-2967 
-2974 
-2950 
-2956 
-2946 
-2958 
-2952 
-2952 
-2959 
-2970 
-2980 
-2976 
-2965 
-2967 
-2986 
-2977 
-2977 
-2974 
-2979 
-2969 
-2965 
-2961 
-2950 
-2952 
-2964 
-2966 
-2969 
-2972 
-2962 
-2969 
-2961 
-2957 
-2988 
-2965 
-2956 
-2952 
-2947 
-2949 
-2957 
-2974 
-2975 
-2985 
-2977 
-2975 
-2962 
-2985 
-2979 
-2967 
-2970 
-2965 
-2963 
-2970 
-2962 
-2958 
-2962 
-2964 
-2972 
-2943 
-2942 
-2937 
-2974 
-2967 
-2955 
-2945 
-2972 
-2982 
-2973 
-2967 
-2954 
-2959 
-2963 
-2960 
-2957 
-2951 
-2965 
-2973 
-2974 
-2961 
-2962 
-2964 
-2962 
-2959 
-2973 
-2971 
-2960 
-2957 
-2946 
-2960 
-2967 
-2963 
-2974 
-2959 
-2965 
-2973 
-2978 
-2974 
-2982 
-2961 
-2974 
-2951 
-2960 
-2964 
-2960 
-2960 
-2950 
-2968 
-2968 
-2964 
-2960 
-2961 
-2971 
-2954 
-2949 
-2948 
-2958 
-2967 
-2963 
-2971 
-2964 
-2969 
-2961 
-2971 
-2960 
-2956 
-2962 
-2957 
-2965 
-2968 
-2953 
-2949 
-2958 
-2965 
-2956 
-2953 
-2973 
-2984 
-2980 
-2982 
-2968 
-2951 
-2971 
-2964 
-2953 
-2948 
-2953 
-2957 
-2951 
-2951 
-2975 
-2969 
-2964 
-2960 
-2953 
-2952 
-2962 
-2963 
-2968 
-2955 
-2972 
-2978 
-2952 
-2952 
-2952 
-2956 
-2951 
-2963 
-2965 
-2963 
-2966 
-2958 
-2949 
-2946 
-2951 
-2953 
-2948 
-2943 
-2946 
-2956 
-2969 
-2967 
-2955 
-2956 
-2954 
-2948 
-2956 
-2953 
-2952 
-2934 
-2946 
-2961 
-2947 
-2951 
-2961 
-2965 
-2963 
-2946 
-2950 
-2963 
-2966 
-2956 
-2943 
-2964 
-2958 
-2966 
-2952 
-2948 
-2949 
-2957 
-2946 
-2951 
-2954 
-2968 
-2974 
-2978 
-2962 
-2969 
-2966 
-2945 
-2951 
-2936 
-2946 
-2944 
-2951 
-2965 
-2957 
-2955 
-2971 
-2959 
-2968 
-2958 
-2958 
-2954 
-2947 
-2954 
-2960 
-2956 
-2947 
-2961 
-2958 
-2943 
-2943 
-2977 
-2962 
-2958 
-2975 
-2962 
-2948 
-2955 
-2960 
-2960 
-2963 
-2971 
-2963 
-2954 
-2957 
-2956 
-2950 
-2942 
-2960 
-2952 
-2951 
-2949 
-2956 
-2960 
-2955 
-2939 
-2951 
-2973 
-2968 
-2959 
-2956 
-2960 
-2930 
-2970 
-2961 
-2949 
-2951 
-2959 
-2959 
-2959 
-2957 
-2967 
-2963 
-2959 
-2949 
-2964 
-2967 
-2952 
-2965 
-2959 
-2953 
-2965 
-2970 
-2965 
-2957 
-2953 
-2946 
-2954 
-2963 
-2965 
-2965 
-2963 
-2966 
-2960 
-2964 
-2966 
-2969 
-2966 
-2968 
-2970 
-2967 
-2970 
-2965 
-2971 
-2962 
-2958 
-2959 
-2952 
-2951 
-2968 
-2955 
-2972 
-2983 
-2967 
-2966 
-2961 
-2961 
-2970 
-2965 
-2967 
-2958 
-2965 
-2965 
-2958 
-2953 
-2968 
-2969 
-2978 
-2975 
-2968 
-2955 
-2971 
-2961 
-2973 
-2951 
-2954 
-2952 
-2948 
-2960 
-2959 
-2967 
-2976 
-2956 
-2963 
-2956 
-2960 
-2962 
-2956 
-2950 
-2961 
-2965 
-2971 
-2965 
-2951 
-2962 
-2970 
-2965 
-2963 
-2961 
-2955 
-2962 
-2944 
-2948 
-2954 
-2958 
-2946 
-2955 
-2963 
-2956 
-2969 
-2956 
-2951 
-2957 
-2965 
-2943 
-2958 
-2952 
-2957 
-2957 
-2943 
-2947 
-2945 
-2942 
-2951 
-2964 
-2951 
-2962 
-2953 
-2944 
-2943 
-2956 
-2954 
-2964 
-2950 
-2956 
-2965 
-2969 
-2968 
-2964 
-2950 
-2952 
-2934 
-2943 
-2949 
-2954 
-2955 
-2960 
-2950 
-2960 
-2963 
-2958 
-2961 
-2946 
-2962 
-2950 
-2972 
-2962 
-2958 
-2958 
-2963 
-2967 
-2962 
-2962 
-2950 
-2953 
-2962 
-2966 
-2964 
-2969 
-2953 
-2945 
-2952 
-2941 
-2943 
-2951 
-2962 
-2961 
-2964 
-2960 
-2959 
-2956 
-2952 
-2961 
-2958 
-2954 
-2948 
-2966 
-2954 
-2961 
-2959 
-2951 
-2963 
-2970 
-2957 
-2947 
-2939 
-2952 
-2967 
-2956 
-2934 
-2955 
-2961 
-2970 
-2959 
-2955 
-2954 
-2959 
-2952 
-2941 
-2945 
-2951 
-2955 
-2942 
-2945 
-2952 
-2949 
-2957 
-2959 
-2960 
-2952 
-2960 
-2961 
-2965 
-2964 
-2973 
-2954 
-2961 
-2961 
-2969 
-2965 
-2958 
-2952 
-2960 
-2965 
-2960 
-2939 
-2937 
-2945 
-2954 
-2948 
-2948 
-2966 
-2966 
-3000 
-2998 
-2995 
-2974 
-2977 
-3006 
-3007 
-2974 
-2947 
-2974 
-2953 
-2921 
-2892 
-2899 
-2937 
-2965 
-2955 
-2971 
-3002 
-3025 
-3005 
-2966 
-2964 
-2959 
-2942 
-2952 
-2944 
-2946 
-2938 
-2943 
-2944 
-2934 
-2962 
-2966 
-2958 
-2953 
-2952 
-2936 
-2919 
-2883 
-2891 
-2932 
-2990 
-3037 
-3092 
-3127 
-3107 
-3095 
-3115 
-3106 
-3075 
-3069 
-3045 
-3014 
-2984 
-2961 
-2946 
-2932 
-2955 
-2963 
-2964 
-2990 
-3007 
-3000 
-2988 
-2987 
-2977 
-2952 
-2956 
-2945 
-2954 
-2947 
-2952 
-2958 
-2979 
-2979 
-2991 
-2972 
-2988 
-2969 
-2981 
-2964 
-2962 
-2956 
-2962 
-2957 
-2940 
-2950 
-2961 
-2946 
-2942 
-2942 
-2921 
-2918 
-2934 
-2939 
-2935 
-2943 
-2951 
-2950 
-2938 
-2932 
-2939 
-2934 
-2931 
-2937 
-2938 
-2938 
-2939 
-2931 
-2934 
-2923 
-2926 
-2929 
-2935 
-2927 
-2945 
-2942 
-2938 
-2945 
-2950 
-2933 
-2922 
-2929 
-2939 
-2946 
-2947 
-2945 
-2946 
-2933 
-2931 
-2934 
-2931 
-2941 
-2933 
-2937 
-2940 
-2958 
-2945 
-2941 
-2949 
-2961 
-2952 
-2957 
-2949 
-2966 
-2960 
-2961 
-2951 
-2939 
-2942 
-2961 
-2964 
-2961 
-2952 
-2972 
-2967 
-2969 
-2959 
-2965 
-2956 
-2952 
-2952 
-2958 
-2944 
-2949 
-2937 
-2929 
-2925 
-2962 
-2969 
-2957 
-2953 
-2950 
-2965 
-2960 
-2951 
-2958 
-2950 
-2956 
-2960 
-2955 
-2941 
-2946 
-2957 
-2962 
-2962 
-2941 
-2950 
-2936 
-2947 
-2943 
-2941 
-2943 
-2939 
-2941 
-2949 
-2943 
-2954 
-2956 
-2955 
-2957 
-2953 
-2944 
-2946 
-2948 
-2949 
-2944 
-2950 
-2950 
-2942 
-2941 
-2948 
-2965 
-2962 
-2948 
-2934 
-2948 
-2953 
-2952 
-2965 
-2965 
-2960 
-2958 
-2953 
-2942 
-2944 
-2964 
-2948 
-2947 
-2937 
-2959 
-2979 
-2953 
-2967 
-2961 
-2965 
-2957 
-2967 
-2948 
-2953 
-2957 
-2967 
-2963 
-2964 
-2960 
-2953 
-2957 
-2961 
-2955 
-2958 
-2958 
-2953 
-2954 
-2949 
-2944 
-2961 
-2948 
-2958 
-2969 
-2946 
-2957 
-2960 
-2949 
-2952 
-2950 
-2947 
-2956 
-2949 
-2950 
-2951 
-2951 
-2964 
-2952 
-2948 
-2936 
-2937 
-2941 
-2968 
-2945 
-2955 
-2956 
-2967 
-2968 
-2964 
-2955 
-2953 
-2949 
-2927 
-2935 
-2948 
-2951 
-2940 
-2941 
-2942 
-2972 
-2968 
-2955 
-2946 
-2940 
-2957 
-2964 
-2958 
-2958 
-2964 
-2961 
-2973 
-2960 
-2953 
-2960 
-2953 
-2950 
-2949 
-2952 
-2951 
-2968 
-2950 
-2947 
-2947 
-2953 
-2948 
-2936 
-2952 
-2946 
-2957 
-2957 
-2943 
-2955 
-2959 
-2949 
-2944 
-2961 
-2964 
-2962 
-2958 
-2971 
-2955 
-2948 
-2939 
-2935 
-2938 
-2931 
-2941 
-2959 
-2953 
-2950 
-2943 
-2960 
-2958 
-2964 
-2959 
-2942 
-2942 
-2939 
-2929 
-2928 
-2924 
-2942 
-2952 
-2953 
-2958 
-2963 
-2959 
-2938 
-2950 
-2936 
-2949 
-2964 
-2956 
-2944 
-2949 
-2948 
-2951 
-2947 
-2928 
-2936 
-2947 
-2956 
-2963 
-2956 
-2943 
-2948 
-2947 
-2938 
-2946 
-2938 
-2941 
-2953 
-2949 
-2934 
-2948 
-2951 
-2944 
-2946 
-2948 
-2952 
-2952 
-2960 
-2950 
-2933 
-2933 
-2951 
-2942 
-2941 
-2931 
-2948 
-2937 
-2949 
-2965 
-2959 
-2959 
-2963 
-2965 
-2968 
-2956 
-2954 
-2948 
-2940 
-2920 
-2942 
-2937 
-2943 
-2943 
-2947 
-2969 
-2979 
-2952 
-2945 
-2964 
-2974 
-2963 
-2960 
-2957 
-2944 
-2936 
-2940 
-2942 
-2951 
-2952 
-2953 
-2961 
-2959 
-2950 
-2954 
-2937 
-2951 
-2940 
-2952 
-2941 
-2953 
-2951 
-2958 
-2961 
-2951 
-2958 
-2946 
-2951 
-2959 
-2954 
-2954 
-2949 
-2963 
-2961 
-2984 
-3058 
-3070 
-3015 
-2980 
-3006 
-2990 
-3001 
-3047 
-3073 
-3042 
-3114 
-3146 
-3168 
-3160 
-3140 
-3126 
-3059 
-3020 
-3031 
-3082 
-3135 
-3162 
-3153 
-3149 
-3151 
-3158 
-3205 
-3231 
-3206 
-3168 
-3154 
-3147 
-3135 
-3126 
-3152 
-3134 
-3118 
-3151 
-3169 
-3143 
-3138 
-3195 
-3191 
-3137 
-3075 
-3058 
-3025 
-3010 
-3020 
-3026 
-3042 
-3054 
-3083 
-3091 
-3080 
-3078 
-3091 
-3070 
-3063 
-3064 
-3066 
-3080 
-3080 
-3084 
-3052 
-3053 
-3058 
-3058 
-3042 
-3036 
-3042 
-3038 
-3014 
-2998 
-2985 
-2978 
-2990 
-3004 
-3011 
-3019 
-3037 
-3052 
-3036 
-3062 
-3082 
-3125 
-3115 
-3107 
-3135 
-3146 
-3145 
-3192 
-3175 
-3168 
-3147 
-3175 
-3173 
-3119 
-3095 
-3083 
-3104 
-3109 
-3127 
-3131 
-3160 
-3180 
-3154 
-3128 
-3106 
-3125 
-3123 
-3115 
-3093 
-3016 
-2974 
-2965 
-2988 
-3015 
-3029 
-3044 
-3086 
-3135 
-3113 
-3081 
-3078 
-3041 
-3033 
-3043 
-3036 
-3041 
-3003 
-3029 
-3041 
-3053 
-3070 
-3077 
-3080 
-3092 
-3088 
-3071 
-3058 
-3043 
-3012 
-2988 
-2956 
-2929 
-2907 
-2888 
-2884 
-2902 
-2915 
-2949 
-2982 
-2979 
-2963 
-2969 
-2979 
-2977 
-2977 
-2950 
-2929 
-2921 
-2956 
-2970 
-2979 
-3015 
-3035 
-3023 
-3000 
-3003 
-2986 
-2949 
-2938 
-2912 
-2901 
-2883 
-2898 
-2883 
-2908 
-2928 
-2956 
-2942 
-2968 
-2970 
-2992 
-2999 
-2992 
-2981 
-2987 
-2995 
-2995 
-2993 
-2989 
-2978 
-2964 
-2975 
-2982 
-2992 
-3015 
-3025 
-3017 
-3029 
-3018 
-3008 
-3023 
-3011 
-3014 
-3021 
-3035 
-3034 
-3007 
-3003 
-3002 
-2954 
-2962 
-2968 
-2961 
-2955 
-2969 
-2975 
-2979 
-2982 
-2994 
-2993 
-2989 
-2992 
-2988 
-2975 
-2962 
-2937 
-2947 
-2962 
-2955 
-2968 
-2980 
-2983 
-2953 
-2962 
-2979 
-2969 
-2954 
-2968 
-2981 
-2964 
-2953 
-2962 
-2969 
-2968 
-2965 
-2962 
-2959 
-2950 
-2962 
-2965 
-2949 
-2953 
-2976 
-2963 
-2962 
-2953 
-2977 
-2978 
-2957 
-2951 
-2953 
-2960 
-2963 
-2951 
-2961 
-2986 
-2970 
-2965 
-2983 
-2989 
-2978 
-2961 
-2972 
-2975 
-2976 
-2952 
-2946 
-2932 
-2918 
-2928 
-2946 
-2949 
-2952 
-2954 
-2949 
-2938 
-2925 
-2922 
-2935 
-2930 
-2939 
-2946 
-2955 
-2951 
-2934 
-2949 
-2961 
-2969 
-2972 
-2958 
-2971 
-2967 
-2953 
-2945 
-2943 
-2951 
-2941 
-2928 
-2936 
-2961 
-2975 
-2964 
-2970 
-2957 
-2954 
-2961 
-2957 
-2971 
-2968 
-2974 
-2970 
-2962 
-2974 
-2976 
-2961 
-2966 
-2951 
-2954 
-2955 
-2954 
-2959 
-2954 
-2964 
-2960 
-2963 
-2947 
-2953 
-2962 
-2959 
-2954 
-2947 
-2946 
-2943 
-2954 
-2962 
-2967 
-2949 
-2943 
-2940 
-2965 
-2956 
-2943 
-2947 
-2952 
-2965 
-2953 
-2947 
-2949 
-2953 
-2954 
-2941 
-2948 
-2952 
-2947 
-2960 
-2939 
-2940 
-2945 
-2952 
-2949 
-2944 
-2942 
-2948 
-2953 
-2952 
-2960 
-2973 
-2972 
-2962 
-2948 
-2951 
-2957 
-2943 
-2952 
-2940 
-2953 
-2956 
-2955 
-2964 
-2952 
-2946 
-2952 
-2964 
-2955 
-2960 
-2953 
-2971 
-2960 
-2956 
-2949 
-2942 
-2951 
-2959 
-2954 
-2954 
-2944 
-2937 
-2932 
-2961 
-2959 
-2950 
-2952 
-2961 
-2967 
-2959 
-2939 
-2940 
-2962 
-2961 
-2967 
-2956 
-2961 
-2958 
-2955 
-2950 
-2961 
-2955 
-2955 
-2956 
-2951 
-2940 
-2948 
-2960 
-2969 
-2962 
-2969 
-2972 
-2946 
-2938 
-2945 
-2957 
-2950 
-2955 
-2960 
-2958 
-2959 
-2941 
-2945 
-2944 
-2945 
-2967 
-2949 
-2944 
-2960 
-2960 
-2944 
-2940 
-2939 
-2943 
-2943 
-2954 
-2963 
-2956 
-2958 
-2946 
-2943 
-2954 
-2943 
-2928 
-2949 
-2947 
-2952 
-2953 
-2955 
-2952 
-2937 
-2937 
-2948 
-2951 
-2954 
-2964 
-2954 
-2970 
-2957 
-2957 
-2958 
-2952 
-2950 
-2947 
-2952 
-2951 
-2962 
-2951 
-2950 
-2938 
-2928 
-2953 
-2961 
-2958 
-2949 
-2941 
-2955 
-2957 
-2954 
-2936 
-2939 
-2947 
-2954 
-2969 
-2952 
-2958 
-2936 
-2947 
-2963 
-2933 
-2951 
-2955 
-2941 
-2942 
-2958 
-2960 
-2951 
-2961 
-2947 
-2939 
-2944 
-2957 
-2959 
-2954 
-2965 
-2954 
-2944 
-2940 
-2945 
-2945 
-2960 
-2956 
-2957 
-2953 
-2951 
-2948 
-2944 
-2949 
-2940 
-2942 
-2950 
-2953 
-2949 
-2940 
-2949 
-2953 
-2958 
-2935 
-2944 
-2933 
-2956 
-2956 
-2946 
-2929 
-2951 
-2948 
-2956 
-2952 
-2956 
-2960 
-2967 
-2963 
-2963 
-2948 
-2955 
-2957 
-2952 
-2948 
-2958 
-2955 
-2951 
-2946 
-2952 
-2969 
-2971 
-2947 
-2956 
-2958 
-2943 
-2952 
-2947 
-2942 
-2939 
-2947 
-2957 
-2946 
-2961 
-2948 
-2954 
-2950 
-2945 
-2946 
-2958 
-2940 
-2947 
-2948 
-2952 
-2944 
-2948 
-2951 
-2959 
-2959 
-2952 
-2934 
-2939 
-2938 
-2961 
-2943 
-2946 
-2958 
-2952 
-2964 
-2948 
-2957 
-2952 
-2951 
-2942 
-2945 
-2937 
-2953 
-2952 
-2949 
-2951 
-2947 
-2960 
-2952 
-2943 
-2951 
-2964 
-2959 
-2949 
-2946 
-2939 
-2939 
-2948 
-2948 
-2956 
-2956 
-2948 
-2949 
-2960 
-2959 
-2959 
-2957 
-2954 
-2954 
-2948 
-2952 
-2958 
-2953 
-2952 
-2948 
-2953 
-2953 
-2958 
-2950 
-2966 
-2956 
-2944 
-2949 
-2955 
-2967 
-2949 
-2952 
-2944 
-2955 
-2959 
-2956 
-2955 
-2941 
-2961 
-2955 
-2941 
-2945 
-2951 
-2971 
-2957 
-2947 
-2960 
-2951 
-2963 
-2949 
-2963 
-2962 
-2960 
-2957 
-2959 
-2956 
-2951 
-2952 
-2962 
-2954 
-2961 
-2949 
-2963 
-2962 
-2966 
-2966 
-2971 
-2947 
-2958 
-2948 
-2957 
-2971 
-2967 
-2957 
-2962 
-2973 
-2965 
-2971 
-2965 
-2965 
-2971 
-2963 
-2953 
-2955 
-2961 
-2954 
-2962 
-2948 
-2939 
-2938 
-2927 
-2928 
-2928 
-2935 
-2940 
-2943 
-2945 
-2928 
-2929 
-2930 
-2927 
-2945 
-2955 
-2946 
-2951 
-2939 
-2953 
-2951 
-2944 
-2948 
-2955 
-2947 
-2942 
-2942 
-2946 
-2957 
-2957 
-2958 
-2972 
-2961 
-2953 
-2958 
-2960 
-2943 
-2950 
-2949 
-2954 
-2959 
-2952 
-2956 
-2960 
-2953 
-2956 
-2969 
-2959 
-2953 
-2950 
-2967 
-2968 
-2953 
-2972 
-2970 
-2959 
-2959 
-2954 
-2966 
-2967 
-2974 
-2954 
-2954 
-2956 
-2957 
-2949 
-2944 
-2951 
-2952 
-2949 
-2971 
-2974 
-2961 
-2956 
-2949 
-2938 
-2930 
-2937 
-2918 
-2913 
-2956 
-2944 
-2941 
-2952 
-2933 
-2936 
-2991 
-2998 
-2975 
-2989 
-3010 
-2994 
-2996 
-3009 
-3016 
-3013 
-3004 
-2987 
-2989 
-2973 
-2975 
-2976 
-2976 
-2971 
-2984 
-2969 
-2985 
-2970 
-2972 
-2965 
-2967 
-2977 
-2969 
-2976 
-2959 
-2981 
-2964 
-2960 
-2960 
-2963 
-2961 
-2935 
-2929 
-2946 
-2956 
-2968 
-2962 
-2960 
-2973 
-2974 
-2963 
-2968 
-2949 
-2955 
-2942 
-2942 
-2960 
-2950 
-2946 
-2945 
-2943 
-2940 
-2937 
-2918 
-2920 
-2935 
-2946 
-2954 
-2956 
-2971 
-2979 
-2965 
-2948 
-2968 
-2954 
-2953 
-2952 
-2945 
-2961 
-2961 
-2956 
-2956 
-2938 
-2941 
-2946 
-2948 
-2954 
-2970 
-2960 
-2957 
-2942 
-2946 
-2952 
-2953 
-2952 
-2947 
-2944 
-2945 
-2952 
-2944 
-2936 
-2946 
-2972 
-2952 
-2978 
-2958 
-2953 
-2940 
-2943 
-2953 
-2950 
-2942 
-2952 
-2938 
-2951 
-2954 
-2964 
-2952 
-2940 
-2943 
-2938 
-2943 
-2938 
-2950 
-2953 
-2953 
-2962 
-2960 
-2963 
-2950 
-2939 
-2930 
-2920 
-2923 
-2933 
-2920 
-2932 
-2939 
-2937 
-2946 
-2952 
-2958 
-2964 
-2933 
-2918 
-2929 
-2931 
-2928 
-2926 
-2928 
-2944 
-2938 
-2937 
-2937 
-2943 
-2947 
-2933 
-2933 
-2936 
-2938 
-2937 
-2937 
-2941 
-2943 
-2937 
-2944 
-2945 
-2938 
-2945 
-2950 
-2955 
-2943 
-2947 
-2937 
-2959 
-2953 
-2942 
-2947 
-2949 
-2941 
-2943 
-2945 
-2948 
-2952 
-2934 
-2939 
-2945 
-2949 
-2943 
-2944 
-2927 
-2926 
-2931 
-2946 
-2946 
-2929 
-2932 
-2947 
-2948 
-2934 
-2940 
-2933 
-2924 
-2925 
-2938 
-2955 
-2943 
-2934 
-2943 
-2928 
-2928 
-2956 
-2956 
-2939 
-2961 
-2966 
-2965 
-2944 
-2937 
-2937 
-2941 
-2940 
-2940 
-2941 
-2948 
-2944 
-2950 
-2942 
-2945 
-2936 
-2954 
-2958 
-2944 
-2939 
-2938 
-2946 
-2943 
-2946 
-2941 
-2929 
-2957 
-2958 
-2936 
-2935 
-2920 
-2934 
-2947 
-2929 
-2931 
-2954 
-2954 
-2935 
-2926 
-2951 
-2948 
-2947 
-2947 
-2924 
-2929 
-2934 
-2951 
-2947 
-2957 
-2970 
-2971 
-2947 
-2944 
-2949 
-2948 
-2951 
-2946 
-2947 
-2955 
-2949 
-2950 
-2941 
-2947 
-2958 
-2947 
-2951 
-2942 
-2965 
-2954 
-2968 
-2954 
-2951 
-2942 
-2946 
-2947 
-2946 
-2951 
-2953 
-2926 
-2942 
-2952 
-2950 
-2932 
-2917 
-2940 
-2955 
-2956 
-2941 
-2946 
-2938 
-2949 
-2954 
-2941 
-2933 
-2930 
-2938 
-2958 
-2948 
-2951 
-2954 
-2946 
-2946 
-2929 
-2916 
-2918 
-2949 
-2941 
-2951 
-2959 
-2978 
-2997 
-2990 
-2971 
-2995 
-2989 
-2978 
-2964 
-2965 
-2947 
-2940 
-2941 
-2938 
-2913 
-2930 
-2927 
-2933 
-2946 
-2953 
-2964 
-2969 
-2983 
-2996 
-2982 
-2960 
-2946 
-2933 
-2941 
-2967 
-2979 
-3000 
-3020 
-3037 
-3025 
-3020 
-3043 
-3021 
-2969 
-2996 
-3013 
-3001 
-2975 
-3012 
-3042 
-3083 
-3071 
-3058 
-3055 
-3077 
-3065 
-3068 
-3077 
-3150 
-3170 
-3089 
-3193 
-3288 
-3263 
-3185 
-3205 
-3432 
-3490 
-3412 
-3503 
-3639 
-3662 
-3546 
-3470 
-3770 
-4003 
-3987 
-3704 
-3638 
-3859 
-3983 
-3922 
-3740 
-3721 
-3949 
-4156 
-4089 
-3989 
-4087 
-4130 
-4025 
-3823 
-3877 
-3978 
-3762 
-3662 
-3852 
-3847 
-3750 
-3693 
-3593 
-3606 
-3720 
-3573 
-3485 
-3414 
-3306 
-3271 
-3311 
-3244 
-3187 
-3191 
-3113 
-3036 
-3098 
-3029 
-2986 
-2930 
-2979 
-2896 
-2849 
-2851 
-2785 
-2780 
-2738 
-2775 
-2674 
-2639 
-2643 
-2699 
-2587 
-2516 
-2508 
-2534 
-2468 
-2380 
-2376 
-2359 
-2278 
-2250 
-2152 
-2113 
-2135 
-2237 
-2241 
-2162 
-2133 
-2110 
-2128 
-2112 
-2138 
-2126 
-2154 
-2131 
-2086 
-2164 
-2201 
-2142 
-2101 
-2089 
-2069 
-2017 
-2024 
-2072 
-2110 
-2097 
-2053 
-2027 
-1969 
-2014 
-2098 
-2034 
-1989 
-1955 
-1963 
-1943 
-1950 
-2016 
-2092 
-2044 
-1996 
-1937 
-1910 
-1927 
-1985 
-1982 
-1908 
-1875 
-1865 
-1932 
-1947 
-1894 
-1915 
-1953 
-1928 
-1862 
-1637 
-1424 
-1524 
-1755 
-1682 
-1489 
-1729 
-1969 
-1971 
-1882 
-1820 
-1522 
-1338 
-1615 
-1794 
-1665 
-1547 
-1420 
-1382 
-1395 
-1476 
-1526 
-1504 
-1518 
-1499 
-1442 
-1444 
-1485 
-1562 
-1578 
-1579 
-1608 
-1650 
-1731 
-1749 
-1746 
-2045 
-2459 
-2711 
-2753 
-2647 
-2578 
-2766 
-2990 
-3014 
-3041 
-3145 
-3251 
-3277 
-3324 
-3309 
-3369 
-3414 
-3365 
-3298 
-3250 
-3221 
-3195 
-3176 
-3134 
-3144 
-3164 
-3177 
-3194 
-3229 
-3286 
-3302 
-3330 
-3325 
-3304 
-3307 
-3311 
-3284 
-3308 
-3307 
-3323 
-3301 
-3306 
-3335 
-3368 
-3401 
-3383 
-3399 
-3383 
-3361 
-3327 
-3311 
-3302 
-3316 
-3349 
-3340 
-3349 
-3372 
-3359 
-3335 
-3349 
-3360 
-3365 
-3388 
-3387 
-3383 
-3326 
-3275 
-3251 
-3253 
-3241 
-3288 
-3283 
-3308 
-3326 
-3327 
-3327 
-3317 
-3321 
-3292 
-3284 
-3314 
-3335 
-3333 
-3366 
-3384 
-3372 
-3334 
-3314 
-3312 
-3302 
-3275 
-3264 
-3274 
-3293 
-3331 
-3305 
-3306 
-3281 
-3292 
-3323 
-3314 
-3304 
-3322 
-3332 
-3323 
-3303 
-3274 
-3269 
-3250 
-3232 
-3201 
-3170 
-3170 
-3170 
-3176 
-3178 
-3178 
-3193 
-3195 
-3186 
-3182 
-3187 
-3194 
-3195 
-3184 
-3174 
-3173 
-3170 
-3161 
-3173 
-3180 
-3177 
-3183 
-3183 
-3200 
-3192 
-3192 
-3192 
-3175 
-3151 
-3137 
-3145 
-3186 
-3165 
-3178 
-3187 
-3178 
-3160 
-3147 
-3160 
-3184 
-3177 
-3160 
-3149 
-3150 
-3145 
-3140 
-3162 
-3163 
-3159 
-3169 
-3159 
-3163 
-3169 
-3170 
-3151 
-3135 
-3142 
-3163 
-3167 
-3159 
-3144 
-3145 
-3169 
-3145 
-3130 
-3160 
-3161 
-3148 
-3150 
-3128 
-3130 
-3130 
-3153 
-3154 
-3161 
-3145 
-3126 
-3137 
-3152 
-3146 
-3139 
-3131 
-3115 
-3124 
-3139 
-3139 
-3153 
-3139 
-3141 
-3138 
-3131 
-3132 
-3132 
-3125 
-3129 
-3144 
-3136 
-3129 
-3142 
-3138 
-3144 
-3130 
-3123 
-3112 
-3121 
-3134 
-3121 
-3117 
-3124 
-3094 
-3098 
-3108 
-3135 
-3116 
-3083 
-3075 
-3108 
-3104 
-3110 
-3126 
-3124 
-3123 
-3090 
-3095 
-3088 
-3081 
-3089 
-3097 
-3111 
-3105 
-3095 
-3085 
-3082 
-3077 
-3098 
-3107 
-3101 
-3103 
-3097 
-3069 
-3086 
-3100 
-3096 
-3090 
-3085 
-3105 
-3097 
-3087 
-3109 
-3083 
-3080 
-3082 
-3084 
-3087 
-3100 
-3104 
-3105 
-3070 
-3061 
-3049 
-3040 
-3035 
-3026 
-3057 
-3080 
-3094 
-3062 
-3052 
-3054 
-3045 
-3042 
-3061 
-3053 
-3046 
-3043 
-3053 
-3071 
-3076 
-3061 
-3042 
-3068 
-3059 
-3057 
-3049 
-3050 
-3055 
-3057 
-3066 
-3063 
-3072 
-3060 
-3057 
-3045 
-3056 
-3054 
-3047 
-3059 
-3067 
-3066 
-3055 
-3057 
-3052 
-3053 
-3065 
-3062 
-3054 
-3052 
-3053 
-3052 
-3059 
-3057 
-3061 
-3054 
-3050 
-3075 
-3073 
-3040 
-3038 
-3032 
-3018 
-3014 
-3024 
-3054 
-3067 
-3066 
-3054 
-3049 
-3032 
-3033 
-3053 
-3038 
-3040 
-3038 
-3048 
-3050 
-3032 
-2996 
-3018 
-3018 
-3005 
-3014 
-3013 
-3043 
-3041 
-3024 
-3014 
-3003 
-3044 
-3023 
-3026 
-3062 
-3031 
-2979 
-2928 
-2887 
-2940 
-2980 
-2915 
-2796 
-2726 
-2728 
-2818 
-2846 
-2882 
-2859 
-2815 
-2796 
-2796 
-2768 
-2691 
-2643 
-2658 
-2683 
-2645 
-2555 
-2451 
-2488 
-2541 
-2502 
-2472 
-2504 
-2474 
-2476 
-2481 
-2406 
-2423 
-2434 
-2263 
-2058 
-1998 
-2061 
-2154 
-2237 
-2396 
-2576 
-2681 
-2750 
-2623 
-2447 
-2195 
-2177 
-2203 
-2230 
-2157 
-2089 
-2092 
-2148 
-2194 
-2218 
-2166 
-1993 
-1899 
-1901 
-2077 
-2247 
-2303 
-2206 
-2089 
-2060 
-2075 
-2042 
-1980 
-1935 
-1884 
-1873 
-1872 
-1864 
-1873 
-1908 
-1902 
-1919 
-2007 
-2069 
-2077 
-1982 
-1920 
-1864 
-2122 
-2145 
-2163 
-2146 
-2125 
-2103 
-2109 
-2068 
-2082 
-2071 
-2079 
-2005 
-2073 
-2072 
-2078 
-2071 
-2042 
-2048 
-2121 
-2179 
-2178 
-2091 
-2129 
-2173 
-2181 
-2132 
-2175 
-2163 
-1996 
-1979 
-2146 
-2088 
-2103 
-2106 
-2193 
-2174 
-2114 
-2102 
-2144 
-2208 
-2181 
-2150 
-2128 
-2144 
-2112 
-2115 
-2127 
-2161 
-2191 
-2209 
-2225 
-2174 
-2187 
-2153 
-2179 
-2217 
-2234 
-2238 
-2254 
-2211 
-2167 
-2273 
-2534 
-2546 
-2260 
-1861 
-1886 
-2010 
-1985 
-1939 
-1955 
-2009 
-2054 
-2090 
-2110 
-2112 
-2077 
-2037 
-2037 
-2038 
-2038 
-2033 
-2005 
-2003 
-2004 
-2026 
-2056 
-2083 
-2097 
-2092 
-2081 
-2075 
-2065 
-2039 
-2026 
-2052 
-2000 
-2084 
-2084 
-2099 
-2051 
-2047 
-1981 
-1958 
-1930 
-1998 
-2098 
-2033 
-2050 
-2033 
-2078 
-2091 
-2067 
-2030 
-2043 
-2062 
-2057 
-2036 
-2056 
-2066 
-2065 
-2052 
-2124 
-2116 
-2107 
-2064 
-2056 
-2089 
-2129 
-2143 
-2162 
-2146 
-2129 
-2104 
-2071 
-2103 
-2126 
-2144 
-2194 
-2186 
-2137 
-2089 
-2088 
-2073 
-2005 
-1870 
-1903 
-2039 
-2122 
-2155 
-2115 
-2495 
-2887 
-3162 
-3113 
-3045 
-3047 
-2979 
-2965 
-2997 
-3048 
-3029 
-2979 
-3048 
-3161 
-3189 
-3176 
-3150 
-3116 
-3104 
-3102 
-3123 
-3138 
-3149 
-3133 
-3149 
-3176 
-2706 
-2967 
-3264 
-3565 
-3027 
-2702 
-2655 
-2829 
-3013 
-3029 
-2987 
-3032 
-3083 
-3093 
-3106 
-3123 
-3111 
-3148 
-3161 
-3073 
-2811 
-2678 
-2612 
-2660 
-2719 
-2759 
-2814 
-2846 
-2830 
-2799 
-2710 
-2632 
-2580 
-2494 
-2377 
-2350 
-2448 
-2523 
-2566 
-2570 
-2558 
-2551 
-2562 
-2565 
-2542 
-2529 
-2521 
-2527 
-2494 
-2428 
-2372 
-2311 
-2258 
-2206 
-2171 
-2130 
-2148 
-2155 
-2146 
-2151 
-2136 
-2115 
-2117 
-2105 
-2099 
-2066 
-2064 
-2049 
-2054 
-2042 
-2041 
-2033 
-2038 
-2044 
-2046 
-2040 
-2041 
-2043 
-2024 
-2014 
-2026 
-2037 
-2043 
-2039 
-2014 
-2011 
-2011 
-2026 
-2041 
-2040 
-2012 
-2002 
-1996 
-2002 
-2012 
-2024 
-2012 
-2026 
-2019 
-2009 
-2024 
-2002 
-1990 
-1991 
-2003 
-2024 
-2032 
-2031 
-2029 
-2003 
-1972 
-1963 
-1974 
-1987 
-2009 
-2006 
-2012 
-2001 
-1998 
-1997 
-1989 
-2003 
-1999 
-1990 
-1999 
-1987 
-1995 
-1990 
-1979 
-1987 
-2002 
-1997 
-1991 
-2009 
-2001 
-1990 
-1989 
-1997 
-1982 
-1976 
-1979 
-1994 
-1990 
-1994 
-1995 
-1990 
-1971 
-1980 
-1987 
-1992 
-1991 
-1986 
-1991 
-1977 
-1988 
-1976 
-1957 
-1955 
-1992 
-1999 
-2009 
-1981 
-1974 
-1966 
-1968 
-1976 
-1986 
-1981 
-1982 
-2005 
-1999 
-1983 
-1995 
-1998 
-1978 
-1967 
-1957 
-1969 
-1977 
-1984 
-1998 
-1990 
-1985 
-1975 
-1970 
-1985 
-1998 
-1992 
-1992 
-1986 
-1976 
-1970 
-1974 
-1983 
-1988 
-1986 
-1983 
-1966 
-1969 
-1962 
-1968 
-1978 
-1972 
-1979 
-1973 
-1975 
-1984 
-1978 
-1951 
-1955 
-1973 
-1977 
-1975 
-1974 
-1957 
-1954 
-1975 
-1966 
-1966 
-1963 
-1966 
-1971 
-1968 
-1959 
-1964 
-1990 
-2001 
-1983 
-1950 
-1934 
-1936 
-1965 
-1998 
-1982 
-1982 
-1976 
-1956 
-1956 
-1982 
-1981 
-1999 
-2000 
-1987 
-1985 
-1974 
-1980 
-1970 
-1961 
-1969 
-1972 
-1957 
-1951 
-1970 
-1996 
-1989 
-2005 
-1999 
-1993 
-1982 
-1987 
-1974 
-1972 
-1979 
-1953 
-1962 
-1956 
-1926 
-1923 
-1948 
-1977 
-1992 
-1980 
-1971 
-1977 
-1946 
-1952 
-1958 
-1968 
-1983 
-2001 
-1989 
-1931 
-1880 
-1861 
-1878 
-1913 
-1924 
-1921 
-1930 
-1912 
-1900 
-1905 
-1932 
-1947 
-1932 
-1903 
-1871 
-1911 
-1963 
-1950 
-1904 
-1858 
-1852 
-1885 
-1908 
-1902 
-1899 
-1889 
-1889 
-1888 
-1872 
-1836 
-1779 
-1673 
-1552 
-1559 
-1659 
-1801 
-1936 
-2000 
-2060 
-2067 
-1993 
-2028 
-2000 
-1915 
-1920 
-1947 
-1823 
-1668 
-1846 
-1963 
-1945 
-2237 
-2425 
-2521 
-2553 
-2535 
-2428 
-2367 
-2341 
-2258 
-2301 
-2385 
-2417 
-2472 
-2583 
-2569 
-2483 
-2473 
-2705 
-2992 
-3132 
-2936 
-2740 
-2736 
-2687 
-2593 
-2496 
-2442 
-2418 
-2491 
-2616 
-2714 
-2795 
-2788 
-2657 
-2572 
-2679 
-2907 
-3021 
-3143 
-3149 
-3192 
-3282 
-3336 
-3329 
-3311 
-3228 
-3285 
-3445 
-3611 
-3652 
-3656 
-3594 
-3517 
-3506 
-3502 
-3643 
-4017 
-4366 
-4244 
-3985 
-3688 
-3740 
-3772 
-3623 
-3533 
-3376 
-3384 
-3639 
-3391 
-3232 
-3331 
-3512 
-4042 
-3517 
-3277 
-3171 
-2917 
-2556 
-2488 
-2405 
-1377 
-2390 
-4671 
-3534 
-2363 
-2750 
-2487 
-2358 
-2372 
-2460 
-2439 
-2461 
-2451 
-3184 
-2987 
-2519 
-2683 
-2871 
-2707 
-2722 
-2945 
-2835 
-2802 
-2594 
-2667 
-2867 
-2786 
-2744 
-2647 
-2720 
-2681 
-2541 
-2519 
-2587 
-2745 
-2956 
-3137 
-3278 
-3611 
-3782 
-3836 
-3760 
-3559 
-3389 
-3245 
-3202 
-3064 
-2894 
-2800 
-2806 
-2781 
-2754 
-2664 
-2531 
-2403 
-2357 
-2437 
-2254 
-2217 
-2650 
-3107 
-3480 
-3797 
-3970 
-3875 
-3865 
-3869 
-4043 
-4210 
-4269 
-4221 
-4209 
-4131 
-3852 
-3705 
-3383 
-3257 
-3145 
-2895 
-2428 
-2083 
-2040 
-2010 
-2092 
-2464 
-2669 
-2474 
-2586 
-2765 
-2821 
-2791 
-2772 
-2701 
-2450 
-2576 
-2366 
-2348 
-2453 
-2320 
-2304 
-2358 
-2494 
-2702 
-2459 
-2368 
-2523 
-2390 
-2283 
-2183 
-2223 
-2086 
-1999 
-1834 
-1528 
-1283 
-1165 
-1145 
-1026 
-908 
-612 
-325 
-480 
-672 
139 
74 
112 
52 
126 
74 
7 
-220 
-298 
-515 
-917 
-1079 
-928 
-844 
-790 
-890 
-706 
-1030 
-1368 
-1898 
-2021 
-885 
1500 
-1760 
-3269 
-2182 
-1152 
-875 
-1244 
-1643 
-1896 
-1884 
-1296 
-131 
55 
-96 
-274 
-411 
-576 
-656 
-351 
-482 
-689 
-378 
-423 
-249 
-845 
-1619 
-999 
-735 
-1213 
-1532 
-1748 
-1748 
-1457 
-1679 
-1813 
-1575 
-1872 
-2231 
-2172 
-1528 
-1719 
-2598 
-3064 
-2617 
-2459 
-2537 
-2612 
-2581 
-2685 
-2688 
-2706 
-3168 
-2984 
-2825 
-3127 
-3310 
-3323 
-3224 
-3327 
-3559 
-3820 
-3812 
-3662 
-3478 
-3498 
-3572 
-3723 
-3722 
-3616 
-3463 
-3500 
-3322 
-3200 
-2910 
-3089 
-3103 
-3259 
-3242 
-3395 
-3457 
-3551 
-3636 
-3778 
-3559 
-3435 
-3228 
-2993 
-2818 
-2858 
-2897 
-2886 
-2995 
-2827 
-2829 
-3056 
-3167 
-3111 
-3041 
-2930 
-3089 
-3056 
-2981 
-2834 
-2971 
-3048 
-3098 
-2959 
-2904 
-3055 
-3112 
-3118 
-3045 
-1895 
-2250 
-2894 
-2418 
-2751 
-2852 
-2990 
-2792 
-2846 
-2938 
-2748 
-2992 
-2918 
-2554 
-2606 
-2774 
-6304 
-2950 
-42 
-3523 
-3694 
-2068 
-552 
-1401 
-1618 
125 
366 
-729 
-1817 
-2466 
-2020 
-881 
-947 
-1988 
-1466 
-673 
-1039 
-1784 
-634 
38 
-1907 
-2124 
-1207 
-1850 
-1827 
-2339 
-2533 
-1315 
-1460 
-3852 
-3959 
-4205 
-2902 
-851 
-455 
-248 
-592 
-818 
-1229 
-1500 
-2012 
-447 
547 
1626 
308 
-1117 
-454 
-347 
-89 
137 
382 
434 
961 
1062 
930 
-348 
-697 
-1157 
-715 
-167 
-853 
-156 
792 
627 
535 
655 
475 
277 
582 
1365 
1723 
1783 
1800 
1921 
1934 
1782 
1546 
1228 
1168 
1029 
1013 
883 
750 
783 
855 
1068 
1237 
1312 
1464 
1587 
1742 
1497 
1390 
1411 
1628 
1887 
2055 
1952 
1903 
1847 
1828 
1811 
1872 
1885 
1894 
1962 
1893 
1686 
1532 
1504 
1571 
1654 
1714 
1732 
1757 
1751 
1631 
1693 
1812 
1805 
2033 
2391 
2669 
2834 
2922 
3098 
3296 
3515 
3682 
3716 
3628 
3530 
3487 
3539 
3473 
3577 
3435 
3651 
3657 
3664 
3662 
3853 
3842 
3611 
3625 
3701 
3896 
4084 
4047 
3785 
3713 
3650 
3773 
3929 
4003 
4035 
3984 
4095 
4154 
4176 
4262 
4209 
4322 
4118 
4007 
3927 
3725 
3446 
3774 
4026 
4077 
3944 
3937 
4043 
4295 
4499 
4465 
4219 
4058 
4082 
4076 
4017 
3973 
3990 
3982 
3950 
3917 
3937 
3951 
4005 
4008 
3981 
4011 
4046 
4058 
4024 
3944 
3831 
3750 
3830 
3842 
3790 
3754 
3831 
3854 
3862 
3850 
3815 
3848 
3894 
3939 
3875 
3831 
3770 
3714 
3761 
3850 
3956 
3997 
3857 
3976 
3921 
3969 
3806 
3889 
4000 
4050 
3890 
3758 
3837 
3894 
3899 
3947 
3970 
3990 
3832 
3872 
4005 
3922 
3842 
3876 
3924 
3724 
3714 
3833 
3878 
3816 
3933 
3874 
3806 
3707 
3800 
4034 
4049 
3995 
3960 
3907 
3925 
3960 
3939 
3852 
3785 
3861 
3797 
3709 
3670 
3816 
3809 
3583 
3735 
3903 
4118 
4033 
3938 
3915 
3952 
4036 
4057 
