00 07 c5 00 00 4e 58 00 00 01 00 4a 62 3a 58 00 
00 07 ee 00 00 4e 58 00 00 01 00 4a 62 3a 58 00 
00 0a 30 00 00 4e 58 00 00 01 00 4a 62 3a 58 00 
00 0a 94 00 00 4e 58 00 00 01 00 4a 62 3a 58 00 
00 0a a6 00 00 4e 58 00 00 01 00 4a 62 3a 58 00 
00 0a 89 00 00 4e 58 00 00 01 00 4a 62 3a 58 00 
00 0a 61 00 00 4e 58 00 00 01 00 4a 62 3a 58 00 
00 0a 76 00 00 4e 58 00 00 01 00 4a 62 3a 58 00 
00 0a d8 00 00 4e 58 00 00 01 00 4a 62 3a 58 00 
00 0a 79 00 00 4e 58 00 00 01 00 4a 62 3a 58 00 
00 0a a5 00 00 4e 58 00 00 01 00 4a 62 3a 58 00 
00 0a b2 00 00 4e 58 00 00 01 00 4a 62 3a 58 00 
00 0a 89 00 00 4e 58 00 00 01 00 4a 62 3a 58 00 
00 0a 65 00 00 4e 58 00 00 01 00 4a 62 3a 58 00 
00 0a 8d 00 00 4e 58 00 00 01 00 4a 62 3a 58 00 
00 0a 55 00 00 4e 58 00 00 01 00 4a 62 3a 58 00 
00 0a 9c 00 00 4e 58 00 00 01 00 4a 62 3a 58 00 
00 0a bb 00 00 4e 58 00 00 01 00 4a 62 3a 58 00 
00 0a 80 00 00 4e 58 00 00 01 00 4a 62 3a 58 00 
00 0a 83 00 00 4e 58 00 00 01 00 4a 62 3a 58 00 
00 0a b6 00 00 4e 58 00 00 01 00 4a 62 3a 58 00 
00 24 6d 00 00 4e 58 00 00 01 00 4a 62 3a 58 00 
00 24 f0 00 00 4e 58 00 00 01 00 4a 62 3a 58 00 
00 24 af 00 00 4e 58 00 00 01 00 4a 62 3a 58 00 
00 24 90 00 00 4e 58 00 00 01 00 4a 62 3a 58 00 
