00 01 1f 00 67 fa 5e 00 00 00 00 01 00 01 00 00 
e9 9c 1d 00 67 fa 5e 00 00 00 00 01 00 01 00 7e 
f3 79 8a 00 67 fa 5e 00 00 00 00 01 00 01 00 7e 
f8 fb 69 00 67 fa 5e 00 00 00 00 01 00 01 00 7e 
fc 13 6c 00 67 fa 5e 00 00 00 00 01 00 01 00 7e 
fd ce a4 00 67 fa 5e 00 00 00 00 01 00 01 00 7e 
fe c7 9c 00 67 fa 5e 00 00 00 00 01 00 01 00 7e 
ff 53 8c 00 67 fa 5e 00 00 00 00 01 00 01 00 7e 
ff a1 3f 00 67 fa 5e 00 00 00 00 01 00 01 00 7e 
ff cd a0 00 67 fa 5e 00 00 00 00 01 00 01 00 7e 
ff e6 2b 00 67 fa 5e 00 00 00 00 01 00 01 00 7e 
ff f4 0a 00 67 fa 5e 00 00 00 00 01 00 01 00 7e 
ff fb f9 00 67 fa 5e 00 00 00 00 01 00 01 00 7e 
00 00 2a 00 67 fa 5e 00 00 00 00 01 00 01 00 7e 
00 02 cc 00 67 fa 5e 00 00 00 00 01 00 01 00 7e 
00 03 c5 00 67 fa 5e 00 00 00 00 01 00 01 00 7e 
00 05 03 00 67 fa 5e 00 00 00 00 01 00 01 00 7e 
00 05 01 00 67 fa 5e 00 00 00 00 01 00 01 00 7e 
00 05 36 00 67 fa 5e 00 00 00 00 01 00 01 00 7e 
00 05 2b 00 67 fa 5e 00 00 00 00 01 00 01 00 7e 
00 05 c1 00 67 fa 5e 00 00 00 00 01 00 01 00 7e 
00 06 47 00 67 fa 5e 00 00 00 00 01 00 01 00 7e 
00 06 a1 00 67 fa 5e 00 00 00 00 01 00 01 00 7e 
00 06 96 00 67 fa 5e 00 00 00 00 01 00 01 00 7e 
00 06 8c 00 67 fa 5e 00 00 00 00 01 00 01 00 7e 
00 07 1e 00 67 fa 5e 00 00 00 00 01 00 01 00 7e 
00 06 da 00 67 fa 5e 00 00 00 00 01 00 01 00 7e 
00 07 47 71 25 00 00 22 66 36 70 00 00 10 00 7e 
00 07 49 00 00 05 00 00 00 c2 84 00 00 fa 44 7e 
00 06 9f 00 00 05 00 00 00 c2 84 00 00 fa 44 7e 
00 07 34 00 00 05 00 00 00 c2 84 00 00 fa 44 7e 
00 06 d6 00 00 05 00 00 00 c2 84 00 00 fa 44 7e 
00 06 f6 00 00 05 00 00 00 c2 84 00 00 fa 44 7e 
00 06 df 00 00 05 00 00 00 c2 84 00 00 fa 44 7e 
00 06 c1 00 00 05 00 00 00 c2 84 00 00 fa 44 7e 
00 07 85 00 00 05 00 00 00 c2 84 00 00 fa 44 7e 
00 06 fa 00 00 05 00 00 00 c2 84 00 00 fa 44 7e 
00 06 8e 00 00 05 00 00 00 c2 84 00 00 fa 44 7e 
00 06 b0 00 00 05 00 00 00 c2 84 00 00 fa 44 7e 
00 07 25 00 00 05 00 00 00 c2 84 00 00 fa 44 7e 
00 17 f3 00 00 05 00 00 00 c2 84 00 00 fa 44 7e 
00 1e 39 00 00 05 00 00 00 c2 84 00 00 fa 44 7e 
00 22 20 00 00 05 00 00 00 c2 84 00 00 fa 44 7e 
00 24 36 00 00 05 00 00 00 c2 84 00 00 fa 44 7e 
00 25 8c 00 00 05 00 00 00 c2 84 00 00 fa 44 7e 
00 25 c7 00 00 05 00 00 00 c2 84 00 00 fa 44 7e 
00 26 47 00 00 05 00 00 00 c2 84 00 00 fa 44 7e 
00 26 4d 00 00 05 00 00 00 c2 84 00 00 fa 44 7e 
00 26 d6 00 00 05 00 00 00 c2 84 00 00 fa 44 7e 
00 26 9f 00 00 05 00 00 00 c2 84 00 00 fa 44 7e 
00 27 34 00 00 05 00 00 00 c2 84 00 00 fa 44 7e 
00 26 f0 00 00 05 00 00 00 c2 84 00 00 fa 44 7e 
00 26 79 00 00 05 00 00 00 c2 84 00 00 fa 44 7e 
00 26 5a 00 00 05 00 00 00 c2 84 00 00 fa 44 7e 
00 26 e7 00 00 05 00 00 00 c2 84 00 00 fa 44 7e 
00 27 0b 00 00 05 00 00 00 c2 84 00 00 fa 44 7e 
00 26 a3 00 00 05 00 00 00 c2 84 00 00 fa 44 7e 
00 26 88 00 00 05 00 00 00 c2 84 00 00 fa 44 7e 
00 26 3a 00 00 05 00 00 00 c2 84 00 00 fa 44 7e 
00 26 a8 00 00 05 00 00 00 c2 84 00 00 fa 44 7e 
00 27 07 00 00 05 00 00 00 c2 84 00 00 fa 44 7e 
00 26 86 00 00 05 00 00 00 c2 84 00 00 fa 44 7e 
00 26 6c 00 00 05 00 00 00 c2 84 00 00 fa 44 7e 
00 26 b0 00 00 05 00 00 00 c2 84 00 00 fa 44 7e 
00 26 99 00 00 05 00 00 00 c2 84 00 00 fa 44 7e 
00 26 b0 00 00 05 00 00 00 c2 84 00 00 fa 44 7e 
00 26 bb 00 00 05 00 00 00 c2 84 00 00 fa 44 7e 
00 26 5a 00 00 05 00 00 00 c2 84 00 00 fa 44 7e 
00 27 1f 00 00 05 00 00 00 c2 84 00 00 fa 44 7e 
00 27 34 00 00 05 00 00 00 c2 84 00 00 fa 44 7e 
00 26 a1 00 00 05 00 00 00 c2 84 00 00 fa 44 7e 
00 26 b9 00 00 05 00 00 00 c2 84 00 00 fa 44 7e 
00 26 90 00 00 05 00 00 00 c2 84 00 00 fa 44 7e 
00 26 6e 00 00 05 00 00 00 c2 84 00 00 fa 44 7e 
00 27 16 00 00 05 00 00 00 c2 84 00 00 fa 44 7e 
00 26 e5 00 00 05 00 00 00 c2 84 00 00 fa 44 7e 
00 26 70 00 00 05 00 00 00 c2 84 00 00 fa 44 7e 
00 27 27 00 00 05 00 00 00 c2 84 00 00 fa 44 7e 
00 26 7f 00 00 05 00 00 00 c2 84 00 00 fa 44 7e 
00 27 79 00 00 05 00 00 00 c2 84 00 00 fa 44 7e 
00 26 fd 00 00 05 00 00 00 c2 84 00 00 fa 44 7e 
00 27 49 00 00 05 00 00 00 c2 84 00 00 fa 44 7e 
00 26 56 00 00 05 00 00 00 c2 84 00 00 fa 44 7e 
00 26 8c 00 00 05 00 00 00 c2 84 00 00 fa 44 7e 
00 26 30 00 00 05 00 00 00 c2 84 00 00 fa 44 7e 
00 26 9f 00 00 05 00 00 00 c2 84 00 00 fa 44 7e 
00 26 c1 00 00 05 00 00 00 c2 84 00 00 fa 44 7e 
00 26 9f 00 00 05 00 00 00 c2 84 00 00 fa 44 7e 
00 26 2b 00 00 05 00 00 00 c2 84 00 00 fa 44 7e 
00 26 64 00 00 05 00 00 00 c2 84 00 00 fa 44 7e 
00 26 a3 00 00 05 00 00 00 c2 84 00 00 fa 44 7e 
00 26 29 00 00 05 00 00 00 c2 84 00 00 fa 44 7e 
00 27 c1 00 00 05 00 00 00 c2 84 00 00 fa 44 7e 
00 27 65 00 00 05 00 00 00 c2 84 00 00 fa 44 7e 
00 27 43 00 00 05 00 00 00 c2 84 00 00 fa 44 7e 
00 26 a3 00 00 05 00 00 00 c2 84 00 00 fa 44 7e 
00 26 7b 00 00 05 00 00 00 c2 84 00 00 fa 44 7e 
00 27 69 00 00 05 00 00 00 c2 84 00 00 fa 44 7e 
00 27 43 00 00 05 00 00 00 c2 84 00 00 fa 44 7e 
00 27 07 00 00 05 00 00 00 c2 84 00 00 fa 44 7e 
00 26 21 00 00 05 00 00 00 c2 84 00 00 fa 44 7e 
00 26 d4 00 00 05 00 00 00 c2 84 00 00 fa 44 7e 
00 27 1a 00 00 05 00 00 00 c2 84 00 00 fa 44 7e 
00 26 bb 00 00 05 00 00 00 c2 84 00 00 fa 44 7e 
00 26 f8 00 00 05 00 00 00 c2 84 00 00 fa 44 7e 
00 26 db 00 00 05 00 00 00 c2 84 00 00 fa 44 7e 
00 26 ac 00 00 05 00 00 00 c2 84 00 00 fa 44 7e 
00 26 97 00 00 05 00 00 00 c2 84 00 00 fa 44 7e 
00 26 75 00 00 05 00 00 00 c2 84 00 00 fa 44 7e 
00 27 67 00 00 05 00 00 00 c2 84 00 00 fa 44 7e 
00 26 ce 00 00 05 00 00 00 c2 84 00 00 fa 44 7e 
00 26 aa 00 00 05 00 00 00 c2 84 00 00 fa 44 7e 
00 27 23 00 00 05 00 00 00 c2 84 00 00 fa 44 7e 
00 26 ee 00 00 05 00 00 00 c2 84 00 00 fa 44 7e 
00 26 a8 00 00 05 00 00 00 c2 84 00 00 fa 44 7e 
00 26 c7 00 00 05 00 00 00 c2 84 00 00 fa 44 7e 
00 27 3a 00 00 05 00 00 00 c2 84 00 00 fa 44 7e 
00 27 2b 00 00 05 00 00 00 c2 84 00 00 fa 44 7e 
00 26 d4 00 00 05 00 00 00 c2 84 00 00 fa 44 7e 
00 27 81 00 00 05 00 00 00 c2 84 00 00 fa 44 7e 
00 27 4b 00 00 05 00 00 00 c2 84 00 00 fa 44 7e 
00 26 b9 00 00 05 00 00 00 c2 84 00 00 fa 44 7e 
00 27 56 00 00 05 00 00 00 c2 84 00 00 fa 44 7e 
00 26 d6 00 00 05 00 00 00 c2 84 00 00 fa 44 7e 
00 27 83 00 00 05 00 00 00 c2 84 00 00 fa 44 7e 
00 27 7f 00 00 05 00 00 00 c2 84 00 00 fa 44 7e 
00 26 fd 00 00 05 00 00 00 c2 84 00 00 fa 44 7e 
00 26 a5 00 00 05 00 00 00 c2 84 00 00 fa 44 7e 
00 26 e1 00 00 05 00 00 00 c2 84 00 00 fa 44 7e 
00 26 4b 00 00 05 00 00 00 c2 84 00 00 fa 44 7e 
00 26 dd 00 00 05 00 00 00 c2 84 00 00 fa 44 7e 
00 26 86 00 00 05 00 00 00 c2 84 00 00 fa 44 7e 
00 26 56 00 00 05 00 00 00 c2 84 00 00 fa 44 7e 
00 26 23 00 00 05 00 00 00 c2 84 00 00 fa 44 7e 
00 27 18 00 00 05 00 00 00 c2 84 00 00 fa 44 7e 
00 26 99 00 00 05 00 00 00 c2 84 00 00 fa 44 7e 
00 26 d0 00 00 05 00 00 00 c2 84 00 00 fa 44 7e 
00 27 09 00 00 05 00 00 00 c2 84 00 00 fa 44 7e 
00 26 bd 00 00 05 00 00 00 c2 84 00 00 fa 44 7e 
00 26 41 00 00 05 00 00 00 c2 84 00 00 fa 44 7e 
00 26 b4 00 00 05 00 00 00 c2 84 00 00 fa 44 7e 
00 26 a8 00 00 05 00 00 00 c2 84 00 00 fa 44 7e 
00 26 7b 00 00 05 00 00 00 c2 84 00 00 fa 44 7e 
00 26 c7 00 00 05 00 00 00 c2 84 00 00 fa 44 7e 
00 26 e1 00 00 05 00 00 00 c2 84 00 00 fa 44 7e 
00 26 79 00 00 05 00 00 00 c2 84 00 00 fa 44 7e 
00 28 09 00 00 05 00 00 00 c2 84 00 00 fa 44 7e 
00 26 d6 00 00 05 00 00 00 c2 84 00 00 fa 44 7e 
00 27 29 00 00 05 00 00 00 c2 84 00 00 fa 44 7e 
00 27 0b 00 00 05 00 00 00 c2 84 00 00 fa 44 7e 
00 27 4d 00 00 05 00 00 00 c2 84 00 00 fa 44 7e 
00 27 b9 00 00 05 00 00 00 c2 84 00 00 fa 44 7e 
00 27 5e 00 00 05 00 00 00 c2 84 00 00 fa 44 7e 
00 26 ff 00 00 05 00 00 00 c2 84 00 00 fa 44 7e 
00 27 05 00 00 05 00 00 00 c2 84 00 00 fa 44 7e 
00 26 9b 00 00 05 00 00 00 c2 84 00 00 fa 44 7e 
00 26 bb 00 00 05 00 00 00 c2 84 00 00 fa 44 7e 
00 26 79 00 00 00 00 00 00 fa 44 00 00 05 00 7e 
00 26 dd 00 00 05 00 00 00 00 00 00 00 fa 44 7e 
00 26 f0 00 00 05 00 00 00 00 00 00 00 fa 44 7e 
00 26 b0 00 00 05 00 00 00 00 00 00 00 fa 44 7e 
00 26 ac 00 00 05 00 00 00 00 00 00 00 fa 44 7e 
00 26 d2 00 00 05 00 00 00 00 00 00 00 fa 44 7e 
00 26 ca 00 00 05 00 00 00 00 00 00 00 fa 44 7e 
00 27 6d 00 00 05 00 00 00 00 00 00 00 fa 44 7e 
00 27 12 00 00 05 00 00 00 00 00 00 00 fa 44 7e 
00 26 36 00 00 05 00 00 00 00 00 00 00 fa 44 7e 
00 26 9f 00 00 05 00 00 00 00 00 00 00 fa 44 7e 
00 26 21 00 00 05 00 00 00 00 00 00 00 fa 44 7e 
00 26 cc 00 00 05 00 00 00 00 00 00 00 fa 44 7e 
00 26 88 00 00 05 00 00 00 00 00 00 00 fa 44 7e 
00 26 d6 00 00 05 00 00 00 00 00 00 00 fa 44 7e 
00 26 ae 00 00 05 00 00 00 00 00 00 00 fa 44 7e 
00 26 8c 00 00 05 00 00 00 00 00 00 00 fa 44 7e 
00 27 6b 00 00 05 00 00 00 00 00 00 00 fa 44 7e 
00 26 5c 00 00 05 00 00 00 00 00 00 00 fa 44 7e 
00 27 54 00 00 05 00 00 00 00 00 00 00 fa 44 7e 
00 27 14 00 00 05 00 00 00 00 00 00 00 fa 44 7e 
00 26 ec 00 00 05 00 00 00 00 00 00 00 fa 44 7e 
00 26 f0 00 00 05 00 00 00 00 00 00 00 fa 44 7e 
00 26 cc 00 00 05 00 00 00 00 00 00 00 fa 44 7e 
00 26 c5 00 00 05 00 00 00 00 00 00 00 fa 44 7e 
00 26 ae 00 00 05 00 00 00 00 00 00 00 fa 44 7e 
00 26 fa 00 00 05 00 00 00 00 00 00 00 fa 44 7e 
00 27 2d 00 00 05 00 00 00 00 00 00 00 fa 44 7e 
00 26 c5 00 00 05 00 00 00 00 00 00 00 fa 44 7e 
00 26 86 00 00 05 00 00 00 00 00 00 00 fa 44 7e 
00 26 6c 00 00 05 00 00 00 00 00 00 00 fa 44 7e 
00 26 52 00 00 05 00 00 00 00 00 00 00 fa 44 7e 
00 27 f2 00 00 05 00 00 00 00 00 00 00 fa 44 7e 
00 27 5e 00 00 05 00 00 00 00 00 00 00 fa 44 7e 
00 26 81 00 00 05 00 00 00 00 00 00 00 fa 44 7e 
00 26 bb 00 00 05 00 00 00 00 00 00 00 fa 44 7e 
00 27 0b 00 00 05 00 00 00 00 00 00 00 fa 44 7e 
00 27 30 00 00 05 00 00 00 00 00 00 00 fa 44 7e 
00 27 21 00 00 05 00 00 00 00 00 00 00 fa 44 7e 
00 26 f6 00 00 05 00 00 00 00 00 00 00 fa 44 7e 
00 26 d6 00 00 05 00 00 00 00 00 00 00 fa 44 7e 
00 26 83 00 00 05 00 00 00 00 00 00 00 fa 44 7e 
00 27 27 00 00 05 00 00 00 00 00 00 00 fa 44 7e 
00 27 3e 00 00 05 00 00 00 00 00 00 00 fa 44 7e 
00 27 32 00 00 05 00 00 00 00 00 00 00 fa 44 7e 
00 27 36 00 00 05 00 00 00 00 00 00 00 fa 44 7e 
00 27 30 00 00 05 00 00 00 00 00 00 00 fa 44 7e 
00 28 09 00 00 05 00 00 00 00 00 00 00 fa 44 7e 
00 27 12 00 00 05 00 00 00 00 00 00 00 fa 44 7e 
00 27 38 00 00 05 00 00 00 00 00 00 00 fa 44 7e 
00 26 d8 00 00 05 00 00 00 00 00 00 00 fa 44 7e 
00 27 38 00 00 05 00 00 00 00 00 00 00 fa 44 7e 
00 27 65 00 00 05 00 00 00 00 00 00 00 fa 44 7e 
00 27 60 00 00 05 00 00 00 00 00 00 00 fa 44 7e 
00 26 d8 00 00 05 00 00 00 00 00 00 00 fa 44 7e 
00 26 64 00 00 05 00 00 00 00 00 00 00 fa 44 7e 
00 26 f0 00 00 05 00 00 00 00 00 00 00 fa 44 7e 
00 26 01 00 00 05 00 00 00 00 00 00 00 fa 44 7e 
00 26 b6 00 00 05 00 00 00 00 00 00 00 fa 44 7e 
00 26 ee 00 00 05 00 00 00 00 00 00 00 fa 44 7e 
00 26 a1 00 00 05 00 00 00 00 00 00 00 fa 44 7e 
00 26 9b 00 00 05 00 00 00 00 00 00 00 fa 44 7e 
00 26 68 00 00 05 00 00 00 00 00 00 00 fa 44 7e 
00 26 4d 00 00 05 00 00 00 00 00 00 00 fa 44 7e 
00 27 86 00 00 05 00 00 00 00 00 00 00 fa 44 7e 
00 26 09 00 00 05 00 00 00 00 00 00 00 fa 44 7e 
00 27 3e 00 00 05 00 00 00 00 00 00 00 fa 44 7e 
00 26 dd 00 00 05 00 00 00 00 00 00 00 fa 44 7e 
00 27 86 00 00 05 00 00 00 00 00 00 00 fa 44 7e 
00 26 fa 00 00 05 00 00 00 00 00 00 00 fa 44 7e 
00 26 45 00 00 05 00 00 00 00 00 00 00 fa 44 7e 
00 26 c1 00 00 05 00 00 00 00 00 00 00 fa 44 7e 
00 26 99 00 00 05 00 00 00 00 00 00 00 fa 44 7e 
00 26 c3 00 00 05 00 00 00 00 00 00 00 fa 44 7e 
00 26 b4 00 00 05 00 00 00 00 00 00 00 fa 44 7e 
00 26 79 00 00 05 00 00 00 00 00 00 00 fa 44 7e 
00 26 86 00 00 05 00 00 00 00 00 00 00 fa 44 7e 
00 26 ec 00 00 05 00 00 00 00 00 00 00 fa 44 7e 
00 26 36 00 00 05 00 00 00 00 00 00 00 fa 44 7e 
00 26 e1 00 00 05 00 00 00 00 00 00 00 fa 44 7e 
00 26 8a 00 00 05 00 00 00 00 00 00 00 fa 44 7e 
00 26 f4 00 00 05 00 00 00 00 00 00 00 fa 44 7e 
00 26 7d 00 00 05 00 00 00 00 00 00 00 fa 44 7e 
00 26 6c 00 00 05 00 00 00 00 00 00 00 fa 44 7e 
00 26 70 00 00 05 00 00 00 00 00 00 00 fa 44 7e 
00 26 ce 00 00 05 00 00 00 00 00 00 00 fa 44 7e 
00 26 ec 00 00 05 00 00 00 00 00 00 00 fa 44 7e 
00 26 d6 00 00 05 00 00 00 00 00 00 00 fa 44 7e 
00 27 5c 00 00 05 00 00 00 00 00 00 00 fa 44 7e 
00 26 a1 00 00 05 00 00 00 00 00 00 00 fa 44 7e 
00 27 29 00 00 05 00 00 00 00 00 00 00 fa 44 7e 
00 26 ec 00 00 05 00 00 00 00 00 00 00 fa 44 7e 
00 26 a3 00 00 05 00 00 00 00 00 00 00 fa 44 7e 
00 26 dd 00 00 05 00 00 00 00 00 00 00 fa 44 7e 
00 27 27 00 00 05 00 00 00 00 00 00 00 fa 44 7e 
00 26 b0 00 00 05 00 00 00 00 00 00 00 fa 44 7e 
00 27 4f 00 00 05 00 00 00 00 00 00 00 fa 44 7e 
00 27 14 00 00 05 00 00 00 00 00 00 00 fa 44 7e 
00 27 1a 00 00 05 00 00 00 00 00 00 00 fa 44 7e 
00 26 a8 00 00 05 00 00 00 00 00 00 00 fa 44 7e 
00 27 14 00 00 05 00 00 00 00 00 00 00 fa 44 7e 
00 26 a8 00 00 05 00 00 00 00 00 00 00 fa 44 7e 
00 27 34 00 00 05 00 00 00 00 00 00 00 fa 44 7e 
00 26 7b 00 00 05 00 00 00 00 00 00 00 fa 44 7e 
00 26 68 00 00 05 00 00 00 00 00 00 00 fa 44 7e 
00 26 ca 00 00 05 00 00 00 00 00 00 00 fa 44 7e 
00 26 68 00 00 05 00 00 00 00 00 00 00 fa 44 7e 
00 26 f4 00 00 05 00 00 00 00 00 00 00 fa 44 7e 
00 26 e9 00 00 05 00 00 00 00 00 00 00 fa 44 7e 
00 27 7f 00 00 05 00 00 00 00 00 00 00 fa 44 7e 
00 27 67 00 00 05 00 00 00 00 00 00 00 fa 44 7e 
00 27 14 00 00 05 00 00 00 00 00 00 00 fa 44 7e 
00 27 05 00 00 05 00 00 00 00 00 00 00 fa 44 7e 
00 27 65 00 00 05 00 00 00 00 00 00 00 fa 44 7e 
00 26 7f 00 00 05 00 00 00 00 00 00 00 fa 44 7e 
00 27 65 00 00 05 00 00 00 00 00 00 00 fa 44 7e 
00 26 d4 00 00 05 00 00 00 00 00 00 00 fa 44 7e 
00 26 8a 00 00 05 00 00 00 00 00 00 00 fa 44 7e 
00 27 79 00 00 05 00 00 00 00 00 00 00 fa 44 7e 
00 27 41 00 00 05 00 00 00 00 00 00 00 fa 44 7e 
00 26 8c 00 00 05 00 00 00 00 00 00 00 fa 44 7e 
00 27 d8 00 00 05 00 00 00 00 00 00 00 fa 44 7e 
00 26 6a 00 00 05 00 00 00 00 00 00 00 fa 44 7e 
00 26 81 00 00 05 00 00 00 00 00 00 00 fa 44 7e 
00 26 dd 00 00 05 00 00 00 00 00 00 00 fa 44 7e 
00 26 ce 00 00 05 00 00 00 00 00 00 00 fa 44 7e 
00 26 a3 00 00 05 00 00 00 00 00 00 00 fa 44 7e 
00 27 03 00 00 05 00 00 00 00 00 00 00 fa 44 7e 
00 27 07 00 00 05 00 00 00 00 00 00 00 fa 44 7e 
00 26 ae 00 00 05 00 00 00 00 00 00 00 fa 44 7e 
00 26 38 00 00 05 00 00 00 00 00 00 00 fa 44 7e 
00 26 34 00 00 05 00 00 00 00 00 00 00 fa 44 7e 
00 26 92 00 00 05 00 00 00 00 00 00 00 fa 44 7e 
00 26 88 00 00 05 00 00 00 00 00 00 00 fa 44 7e 
00 26 9b 00 00 05 00 00 00 00 00 00 00 fa 44 7e 
00 27 38 00 00 05 00 00 00 00 00 00 00 fa 44 7e 
00 27 12 00 00 05 00 00 00 00 00 00 00 fa 44 7e 
00 27 79 00 00 05 00 00 00 00 00 00 00 fa 44 7e 
00 28 0e 00 00 05 00 00 00 00 00 00 00 fa 44 7e 
00 26 88 00 00 05 00 00 00 00 00 00 00 fa 44 7e 
00 26 b4 00 00 05 00 00 00 00 00 00 00 fa 44 7e 
00 27 34 00 00 05 00 00 00 00 00 00 00 fa 44 7e 
00 26 df 00 00 05 00 00 00 00 00 00 00 fa 44 7e 
00 26 ee 00 00 05 00 00 00 00 00 00 00 fa 44 7e 
00 27 9b 00 00 05 00 00 00 00 00 00 00 fa 44 7e 
00 26 94 00 00 05 00 00 00 00 00 00 00 fa 44 7e 
00 26 e5 00 00 05 00 00 00 00 00 00 00 fa 44 7e 
00 27 58 00 00 05 00 00 00 00 00 00 00 fa 44 7e 
00 28 3e 00 00 05 00 00 00 00 00 00 00 fa 44 7e 
00 27 5c 00 00 05 00 00 00 00 00 00 00 fa 44 7e 
00 27 77 00 00 05 00 00 00 00 00 00 00 fa 44 7e 
00 26 dd 00 00 05 00 00 00 00 00 00 00 fa 44 7e 
00 26 e1 00 00 05 00 00 00 00 00 00 00 fa 44 7e 
00 27 1f 00 00 05 00 00 00 00 00 00 00 fa 44 7e 
00 27 27 00 00 05 00 00 00 00 00 00 00 fa 44 7e 
00 26 d6 00 00 05 00 00 00 00 00 00 00 fa 44 7e 
00 27 94 00 00 05 00 00 00 00 00 00 00 fa 44 7e 
00 26 97 00 00 05 00 00 00 00 00 00 00 fa 44 7e 
00 26 9d 00 00 05 00 00 00 00 00 00 00 fa 44 7e 
00 26 df 00 00 05 00 00 00 00 00 00 00 fa 44 7e 
00 27 e5 00 00 05 00 00 00 00 00 00 00 fa 44 7e 
00 26 86 00 00 05 00 00 00 00 00 00 00 fa 44 7e 
00 27 75 00 00 05 00 00 00 00 00 00 00 fa 44 7e 
00 26 c3 00 00 05 00 00 00 00 00 00 00 fa 44 7e 
00 26 5a 00 00 05 00 00 00 00 00 00 00 fa 44 7e 
00 27 3c 00 00 05 00 00 00 00 00 00 00 fa 44 7e 
00 27 0e 00 00 05 00 00 00 00 00 00 00 fa 44 7e 
00 27 60 00 00 05 00 00 00 00 00 00 00 fa 44 7e 
00 27 3c 00 00 05 00 00 00 00 00 00 00 fa 44 7e 
00 26 d8 00 00 05 00 00 00 00 00 00 00 fa 44 7e 
00 27 03 00 00 05 00 00 00 00 00 00 00 fa 44 7e 
00 26 9d 00 00 05 00 00 00 00 00 00 00 fa 44 7e 
00 27 f8 00 00 05 00 00 00 00 00 00 00 fa 44 7e 
00 27 29 00 00 05 00 00 00 00 00 00 00 fa 44 7e 
00 26 e3 00 00 05 00 00 00 00 00 00 00 fa 44 7e 
00 27 65 00 00 05 00 00 00 00 00 00 00 fa 44 7e 
00 26 3c 00 00 05 00 00 00 00 00 00 00 fa 44 7e 
00 26 3e 00 00 05 00 00 00 00 00 00 00 fa 44 7e 
00 26 4b 00 00 05 00 00 00 00 00 00 00 fa 44 7e 
00 26 ae 00 00 05 00 00 00 00 00 00 00 fa 44 7e 
00 27 16 00 00 05 00 00 00 00 00 00 00 fa 44 7e 
00 26 d6 00 00 05 00 00 00 00 00 00 00 fa 44 7e 
00 27 65 00 00 05 00 00 00 00 00 00 00 fa 44 7e 
00 27 0b 00 00 05 00 00 00 00 00 00 00 fa 44 7e 
00 26 45 00 00 05 00 00 00 00 00 00 00 fa 44 7e 
00 26 5c 00 00 05 00 00 00 00 00 00 00 fa 44 7e 
00 27 49 00 00 05 00 00 00 00 00 00 00 fa 44 7e 
00 27 6b 00 00 05 00 00 00 00 00 00 00 fa 44 7e 
00 27 7f 00 00 05 00 00 00 00 00 00 00 fa 44 7e 
00 27 0e 00 00 05 00 00 00 00 00 00 00 fa 44 7e 
00 27 c5 00 00 05 00 00 00 00 00 00 00 fa 44 7e 
00 27 30 00 00 05 00 00 00 00 00 00 00 fa 44 7e 
00 27 71 00 00 05 00 00 00 00 00 00 00 fa 44 7e 
00 26 8e 00 00 05 00 00 00 00 00 00 00 fa 44 7e 
00 26 b6 00 00 05 00 00 00 00 00 00 00 fa 44 7e 
00 26 c5 00 00 05 00 00 00 00 00 00 00 fa 44 7e 
00 27 12 00 00 05 00 00 00 00 00 00 00 fa 44 7e 
00 26 7d 00 00 05 00 00 00 00 00 00 00 fa 44 7e 
00 26 9d 00 00 05 00 00 00 00 00 00 00 fa 44 7e 
00 26 d0 00 00 05 00 00 00 00 00 00 00 fa 44 7e 
00 27 21 00 00 05 00 00 00 00 00 00 00 fa 44 7e 
00 27 8c 00 00 05 00 00 00 00 00 00 00 fa 44 7e 
00 26 fd 00 00 05 00 00 00 00 00 00 00 fa 44 7e 
00 27 1c 00 00 05 00 00 00 00 00 00 00 fa 44 7e 
00 26 f2 00 00 05 00 00 00 00 00 00 00 fa 44 7e 
00 26 9f 00 00 05 00 00 00 00 00 00 00 fa 44 7e 
00 27 1a 00 00 05 00 00 00 00 00 00 00 fa 44 7e 
00 26 92 00 00 05 00 00 00 00 00 00 00 fa 44 7e 
00 27 88 00 00 05 00 00 00 00 00 00 00 fa 44 7e 
00 26 ee 00 00 05 00 00 00 00 00 00 00 fa 44 7e 
00 26 d4 00 00 05 00 00 00 00 00 00 00 fa 44 7e 
00 26 bd 00 00 05 00 00 00 00 00 00 00 fa 44 7e 
00 26 a5 00 00 05 00 00 00 00 00 00 00 fa 44 7e 
00 26 bf 00 00 05 00 00 00 00 00 00 00 fa 44 7e 
00 26 e7 00 00 05 00 00 00 00 00 00 00 fa 44 7e 
00 27 7f 00 00 05 00 00 00 00 00 00 00 fa 44 7e 
00 27 05 00 00 05 00 00 00 00 00 00 00 fa 44 7e 
00 26 e1 00 00 05 00 00 00 00 00 00 00 fa 44 7e 
00 27 3a 00 00 05 00 00 00 00 00 00 00 fa 44 7e 
00 27 36 00 00 05 00 00 00 00 00 00 00 fa 44 7e 
00 26 86 00 00 05 00 00 00 00 00 00 00 fa 44 7e 
00 27 12 00 00 05 00 00 00 00 00 00 00 fa 44 7e 
00 27 25 00 00 05 00 00 00 00 00 00 00 fa 44 7e 
00 27 16 00 00 05 00 00 00 00 00 00 00 fa 44 7e 
00 26 bb 00 00 05 00 00 00 00 00 00 00 fa 44 7e 
00 26 6c 00 00 05 00 00 00 00 00 00 00 fa 44 7e 
00 26 e5 00 00 05 00 00 00 00 00 00 00 fa 44 7e 
00 26 81 00 00 05 00 00 00 00 00 00 00 fa 44 7e 
00 27 3a 00 00 05 00 00 00 00 00 00 00 fa 44 7e 
00 26 43 00 00 05 00 00 00 00 00 00 00 fa 44 7e 
00 26 9f 00 00 05 00 00 00 00 00 00 00 fa 44 7e 
00 26 5c 00 00 05 00 00 00 00 00 00 00 fa 44 7e 
00 26 81 00 00 05 00 00 00 00 00 00 00 fa 44 7e 
00 26 38 00 00 05 00 00 00 00 00 00 00 fa 44 7e 
00 26 b6 00 00 05 00 00 00 00 00 00 00 fa 44 7e 
00 26 b2 00 00 05 00 00 00 00 00 00 00 fa 44 7e 
00 26 43 00 00 05 00 00 00 00 00 00 00 fa 44 7e 
00 27 3c 00 00 05 00 00 00 00 00 00 00 fa 44 7e 
00 27 2b 00 00 05 00 00 00 00 00 00 00 fa 44 7e 
00 26 3a 00 00 05 00 00 00 00 00 00 00 fa 44 7e 
00 26 75 00 00 05 00 00 00 00 00 00 00 fa 44 7e 
00 26 b4 00 00 05 00 00 00 00 00 00 00 fa 44 7e 
00 26 ce 00 00 05 00 00 00 00 00 00 00 fa 44 7e 
00 26 1a 00 00 05 00 00 00 00 00 00 00 fa 44 7e 
00 27 3a 00 00 05 00 00 00 00 00 00 00 fa 44 7e 
00 26 38 00 00 05 00 00 00 00 00 00 00 fa 44 7e 
00 27 94 00 00 05 00 00 00 00 00 00 00 fa 44 7e 
00 27 63 00 00 05 00 00 00 00 00 00 00 fa 44 7e 
00 26 a3 00 00 05 00 00 00 00 00 00 00 fa 44 7e 
00 26 75 00 00 05 00 00 00 00 00 00 00 fa 44 7e 
00 27 05 00 00 05 00 00 00 00 00 00 00 fa 44 7e 
00 27 45 00 00 05 00 00 00 00 00 00 00 fa 44 7e 
00 27 8a 00 00 05 00 00 00 00 00 00 00 fa 44 7e 
00 27 ae 00 00 05 00 00 00 00 00 00 00 fa 44 7e 
00 27 a1 00 00 05 00 00 00 00 00 00 00 fa 44 7e 
00 27 5a 00 00 05 00 00 00 00 00 00 00 fa 44 7e 
00 27 16 00 00 05 00 00 00 00 00 00 00 fa 44 7e 
00 27 45 00 00 05 00 00 00 00 00 00 00 fa 44 7e 
00 26 32 00 00 05 00 00 00 00 00 00 00 fa 44 7e 
00 27 58 00 00 05 00 00 00 00 00 00 00 fa 44 7e 
00 26 c7 00 00 05 00 00 00 00 00 00 00 fa 44 7e 
00 26 e3 00 00 05 00 00 00 00 00 00 00 fa 44 7e 
00 26 ff 00 00 05 00 00 00 00 00 00 00 fa 44 7e 
00 26 ca 00 00 05 00 00 00 00 00 00 00 fa 44 7e 
00 27 09 00 00 05 00 00 00 00 00 00 00 fa 44 7e 
00 26 1a 00 00 05 00 00 00 00 00 00 00 fa 44 7e 
00 26 41 00 00 05 00 00 00 00 00 00 00 fa 44 7e 
00 27 2d 00 00 05 00 00 00 00 00 00 00 fa 44 7e 
00 26 f0 00 00 05 00 00 00 00 00 00 00 fa 44 7e 
00 26 e9 00 00 05 00 00 00 00 00 00 00 fa 44 7e 
00 26 41 00 00 05 00 00 00 00 00 00 00 fa 44 7e 
00 27 56 00 00 05 00 00 00 00 00 00 00 fa 44 7e 
00 26 f6 00 00 05 00 00 00 00 00 00 00 fa 44 7e 
00 26 d2 00 00 05 00 00 00 00 00 00 00 fa 44 7e 
00 27 21 00 00 05 00 00 00 00 00 00 00 fa 44 7e 
00 26 86 00 00 05 00 00 00 00 00 00 00 fa 44 7e 
00 26 f6 00 00 05 00 00 00 00 00 00 00 fa 44 7e 
00 26 1a 00 00 05 00 00 00 00 00 00 00 fa 44 7e 
00 26 ec 00 00 05 00 00 00 00 00 00 00 fa 44 7e 
00 26 ec 00 00 05 00 00 00 00 00 00 00 fa 44 7e 
00 26 d4 00 00 05 00 00 00 00 00 00 00 fa 44 7e 
00 26 5c 00 00 05 00 00 00 00 00 00 00 fa 44 7e 
00 26 e5 00 00 05 00 00 00 00 00 00 00 fa 44 7e 
00 25 ee 00 00 05 00 00 00 00 00 00 00 fa 44 7e 
00 26 92 00 00 05 00 00 00 00 00 00 00 fa 44 7e 
00 26 b9 00 00 05 00 00 00 00 00 00 00 fa 44 7e 
00 26 b4 00 00 05 00 00 00 00 00 00 00 fa 44 7e 
00 27 67 00 00 05 00 00 00 00 00 00 00 fa 44 7e 
00 27 69 00 00 05 00 00 00 00 00 00 00 fa 44 7e 
00 27 29 00 00 05 00 00 00 00 00 00 00 fa 44 7e 
00 27 5e 00 00 05 00 00 00 00 00 00 00 fa 44 7e 
00 26 ff 00 00 05 00 00 00 00 00 00 00 fa 44 7e 
00 27 29 00 00 05 00 00 00 00 00 00 00 fa 44 7e 
00 26 d4 00 00 05 00 00 00 00 00 00 00 fa 44 7e 
00 26 b0 00 00 05 00 00 00 00 00 00 00 fa 44 7e 
00 26 8c 00 00 05 00 00 00 00 00 00 00 fa 44 7e 
00 27 1a 00 00 05 00 00 00 00 00 00 00 fa 44 7e 
00 26 d6 00 00 05 00 00 00 00 00 00 00 fa 44 7e 
00 27 38 00 00 05 00 00 00 00 00 00 00 fa 44 7e 
00 27 3c 00 00 05 00 00 00 00 00 00 00 fa 44 7e 
00 27 2b 00 00 05 00 00 00 00 00 00 00 fa 44 7e 
00 26 db 00 00 05 00 00 00 00 00 00 00 fa 44 7e 
00 27 23 00 00 05 00 00 00 00 00 00 00 fa 44 7e 
00 27 3c 00 00 05 00 00 00 00 00 00 00 fa 44 7e 
00 27 1a 00 00 05 00 00 00 00 00 00 00 fa 44 7e 
00 27 2b 00 00 05 00 00 00 00 00 00 00 fa 44 7e 
00 26 ec 00 00 05 00 00 00 00 00 00 00 fa 44 7e 
00 26 97 00 00 05 00 00 00 00 00 00 00 fa 44 7e 
00 27 34 00 00 05 00 00 00 00 00 00 00 fa 44 7e 
00 27 47 00 00 05 00 00 00 00 00 00 00 fa 44 7e 
00 27 b2 00 00 05 00 00 00 00 00 00 00 fa 44 7e 
00 26 bd 00 00 05 00 00 00 00 00 00 00 fa 44 7e 
00 27 41 00 00 05 00 00 00 00 00 00 00 fa 44 7e 
00 26 e7 00 00 05 00 00 00 00 00 00 00 fa 44 7e 
00 27 25 00 00 05 00 00 00 00 00 00 00 fa 44 7e 
00 26 d2 00 00 05 00 00 00 00 00 00 00 fa 44 7e 
00 26 70 00 00 05 00 00 00 00 00 00 00 fa 44 7e 
00 26 86 00 00 05 00 00 00 00 00 00 00 fa 44 7e 
00 27 14 00 00 05 00 00 00 00 00 00 00 fa 44 7e 
00 25 f0 00 00 05 00 00 00 00 00 00 00 fa 44 7e 
00 26 b4 00 00 05 00 00 00 00 00 00 00 fa 44 7e 
00 27 1c 00 00 05 00 00 00 00 00 00 00 fa 44 7e 
00 26 ff 00 00 05 00 00 00 00 00 00 00 fa 44 7e 
00 26 fa 00 00 05 00 00 00 00 00 00 00 fa 44 7e 
00 26 97 00 00 05 00 00 00 00 00 00 00 fa 44 7e 
00 27 79 00 00 05 00 00 00 00 00 00 00 fa 44 7e 
00 26 ae 00 00 05 00 00 00 00 00 00 00 fa 44 7e 
00 26 d8 00 00 05 00 00 00 00 00 00 00 fa 44 7e 
00 26 6a 00 00 05 00 00 00 00 00 00 00 fa 44 7e 
00 26 ce 00 00 05 00 00 00 00 00 00 00 fa 44 7e 
00 27 43 00 00 05 00 00 00 00 00 00 00 fa 44 7e 
00 26 5c 00 00 05 00 00 00 00 00 00 00 fa 44 7e 
00 26 8a 00 00 05 00 00 00 00 00 00 00 fa 44 7e 
00 27 3c 00 00 05 00 00 00 00 00 00 00 fa 44 7e 
00 26 f2 00 00 05 00 00 00 00 00 00 00 fa 44 7e 
00 26 e9 00 00 05 00 00 00 00 00 00 00 fa 44 7e 
00 25 f4 00 00 05 00 00 00 00 00 00 00 fa 44 7e 
00 26 ae 00 00 05 00 00 00 00 00 00 00 fa 44 7e 
00 26 1f 00 00 05 00 00 00 00 00 00 00 fa 44 7e 
00 26 b9 00 00 05 00 00 00 00 00 00 00 fa 44 7e 
00 26 7f 00 00 05 00 00 00 00 00 00 00 fa 44 7e 
00 27 09 00 00 05 00 00 00 00 00 00 00 fa 44 7e 
00 27 1f 00 00 05 00 00 00 00 00 00 00 fa 44 7e 
00 27 3c 00 00 05 00 00 00 00 00 00 00 fa 44 7e 
00 27 6f 00 00 05 00 00 00 00 00 00 00 fa 44 7e 
00 27 79 00 00 05 00 00 00 00 00 00 00 fa 44 7e 
00 26 83 00 00 05 00 00 00 00 00 00 00 fa 44 7e 
00 27 2b 00 00 05 00 00 00 00 00 00 00 fa 44 7e 
00 26 dd 00 00 05 00 00 00 00 00 00 00 fa 44 7e 
00 27 e7 00 00 05 00 00 00 00 00 00 00 fa 44 7e 
00 27 3a 00 00 05 00 00 00 00 00 00 00 fa 44 7e 
00 26 e1 00 00 05 00 00 00 00 00 00 00 fa 44 7e 
00 27 a1 00 00 05 00 00 00 00 00 00 00 fa 44 7e 
00 26 e1 00 00 05 00 00 00 00 00 00 00 fa 44 7e 
00 27 7f 00 00 05 00 00 00 00 00 00 00 fa 44 7e 
00 26 5a 00 00 05 00 00 00 00 00 00 00 fa 44 7e 
00 26 f0 00 00 05 00 00 00 00 00 00 00 fa 44 7e 
00 26 f0 00 00 05 00 00 00 00 00 00 00 fa 44 7e 
00 26 e9 00 00 05 00 00 00 00 00 00 00 fa 44 7e 
00 26 fa 00 00 05 00 00 00 00 00 00 00 fa 44 7e 
00 27 b6 00 00 05 00 00 00 00 00 00 00 fa 44 7e 
00 27 54 00 00 05 00 00 00 00 00 00 00 fa 44 7e 
00 26 ca 00 00 05 00 00 00 00 00 00 00 fa 44 7e 
00 26 3a 00 00 05 00 00 00 00 00 00 00 fa 44 7e 
00 27 4f 00 00 05 00 00 00 00 00 00 00 fa 44 7e 
00 27 b0 00 00 05 00 00 00 00 00 00 00 fa 44 7e 
00 27 0b 00 00 05 00 00 00 00 00 00 00 fa 44 7e 
00 26 dd 00 00 05 00 00 00 00 00 00 00 fa 44 7e 
00 26 8a 00 00 05 00 00 00 00 00 00 00 fa 44 7e 
00 26 d2 00 00 05 00 00 00 00 00 00 00 fa 44 7e 
00 26 ce 00 00 05 00 00 00 00 00 00 00 fa 44 7e 
00 26 b2 00 00 05 00 00 00 00 00 00 00 fa 44 7e 
00 27 4d 00 00 05 00 00 00 00 00 00 00 fa 44 7e 
00 26 a3 00 00 05 00 00 00 00 00 00 00 fa 44 7e 
00 26 43 00 00 05 00 00 00 00 00 00 00 fa 44 7e 
00 26 7f 00 00 05 00 00 00 00 00 00 00 fa 44 7e 
00 27 90 00 00 05 00 00 00 00 00 00 00 fa 44 7e 
00 26 ac 00 00 05 00 00 00 00 00 00 00 fa 44 7e 
00 27 49 00 00 05 00 00 00 00 00 00 00 fa 44 7e 
00 26 83 00 00 05 00 00 00 00 00 00 00 fa 44 7e 
00 26 a5 00 00 05 00 00 00 00 00 00 00 fa 44 7e 
00 26 7d 00 00 05 00 00 00 00 00 00 00 fa 44 7e 
00 26 f8 00 00 05 00 00 00 00 00 00 00 fa 44 7e 
00 26 ca 00 00 05 00 00 00 00 00 00 00 fa 44 7e 
00 26 f2 00 00 05 00 00 00 00 00 00 00 fa 44 7e 
00 27 05 00 00 05 00 00 00 00 00 00 00 fa 44 7e 
00 27 54 00 00 05 00 00 00 00 00 00 00 fa 44 7e 
00 26 e5 00 00 05 00 00 00 00 00 00 00 fa 44 7e 
00 27 3e 00 00 05 00 00 00 00 00 00 00 fa 44 7e 
00 26 ec 00 00 05 00 00 00 00 00 00 00 fa 44 7e 
00 27 41 00 00 05 00 00 00 00 00 00 00 fa 44 7e 
00 26 3a 00 00 05 00 00 00 00 00 00 00 fa 44 7e 
00 26 f6 00 00 05 00 00 00 00 00 00 00 fa 44 7e 
00 27 01 00 00 05 00 00 00 00 00 00 00 fa 44 7e 
00 27 77 00 00 05 00 00 00 00 00 00 00 fa 44 7e 
00 26 a8 00 00 05 00 00 00 00 00 00 00 fa 44 7e 
00 27 7f 00 00 05 00 00 00 00 00 00 00 fa 44 7e 
00 27 8a 00 00 05 00 00 00 00 00 00 00 fa 44 7e 
00 26 4b 00 00 05 00 00 00 00 00 00 00 fa 44 7e 
00 27 27 00 00 05 00 00 00 00 00 00 00 fa 44 7e 
00 27 aa 00 00 05 00 00 00 00 00 00 00 fa 44 7e 
00 26 47 00 00 05 00 00 00 00 00 00 00 fa 44 7e 
00 26 7f 00 00 05 00 00 00 00 00 00 00 fa 44 7e 
00 26 d2 00 00 05 00 00 00 00 00 00 00 fa 44 7e 
00 26 92 00 00 05 00 00 00 00 00 00 00 fa 44 7e 
00 26 86 00 00 05 00 00 00 00 00 00 00 fa 44 7e 
00 26 8c 00 00 05 00 00 00 00 00 00 00 fa 44 7e 
00 26 cc 00 00 05 00 00 00 00 00 00 00 fa 44 7e 
00 26 52 00 00 05 00 00 00 00 00 00 00 fa 44 7e 
00 26 41 00 00 05 00 00 00 00 00 00 00 fa 44 7e 
00 27 49 00 00 05 00 00 00 00 00 00 00 fa 44 7e 
00 26 07 00 00 05 00 00 00 00 00 00 00 fa 44 7e 
00 26 d4 00 00 05 00 00 00 00 00 00 00 fa 44 7e 
00 27 1c 00 00 05 00 00 00 00 00 00 00 fa 44 7e 
00 27 5e 00 00 05 00 00 00 00 00 00 00 fa 44 7e 
00 27 32 00 00 05 00 00 00 00 00 00 00 fa 44 7e 
00 27 b0 00 00 05 00 00 00 00 00 00 00 fa 44 7e 
00 26 8a 00 00 05 00 00 00 00 00 00 00 fa 44 7e 
00 26 dd 00 00 05 00 00 00 00 00 00 00 fa 44 7e 
00 27 18 00 00 05 00 00 00 00 00 00 00 fa 44 7e 
00 26 70 00 00 05 00 00 00 00 00 00 00 fa 44 7e 
00 26 3e 00 00 05 00 00 00 00 00 00 00 fa 44 7e 
00 26 4f 00 00 05 00 00 00 00 00 00 00 fa 44 7e 
00 26 34 00 00 05 00 00 00 00 00 00 00 fa 44 7e 
00 26 8e 00 00 05 00 00 00 00 00 00 00 fa 44 7e 
00 27 01 00 00 05 00 00 00 00 00 00 00 fa 44 7e 
00 26 54 00 00 05 00 00 00 00 00 00 00 fa 44 7e 
00 26 c5 00 00 05 00 00 00 00 00 00 00 fa 44 7e 
00 26 f4 00 00 05 00 00 00 00 00 00 00 fa 44 7e 
00 26 5e 00 00 05 00 00 00 00 00 00 00 fa 44 7e 
00 26 5c 00 00 05 00 00 00 00 00 00 00 fa 44 7e 
00 26 34 00 00 05 00 00 00 00 00 00 00 fa 44 7e 
00 27 0b 00 00 05 00 00 00 00 00 00 00 fa 44 7e 
00 27 4d 00 00 05 00 00 00 00 00 00 00 fa 44 7e 
00 27 8e 00 00 05 00 00 00 00 00 00 00 fa 44 7e 
00 27 03 00 00 05 00 00 00 00 00 00 00 fa 44 7e 
00 26 7b 00 00 05 00 00 00 00 00 00 00 fa 44 7e 
00 26 8c 00 00 05 00 00 00 00 00 00 00 fa 44 7e 
00 27 4b 00 00 05 00 00 00 00 00 00 00 fa 44 7e 
00 26 4d 00 00 05 00 00 00 00 00 00 00 fa 44 7e 
00 27 30 00 00 05 00 00 00 00 00 00 00 fa 44 7e 
00 27 49 00 00 05 00 00 00 00 00 00 00 fa 44 7e 
00 27 88 00 00 05 00 00 00 00 00 00 00 fa 44 7e 
00 27 88 00 00 05 00 00 00 00 00 00 00 fa 44 7e 
00 27 86 00 00 05 00 00 00 00 00 00 00 fa 44 7e 
00 26 72 00 00 05 00 00 00 00 00 00 00 fa 44 7e 
00 27 77 00 00 05 00 00 00 00 00 00 00 fa 44 7e 
00 27 29 00 00 05 00 00 00 00 00 00 00 fa 44 7e 
00 27 d4 00 00 05 00 00 00 00 00 00 00 fa 44 7e 
00 26 bb 00 00 05 00 00 00 00 00 00 00 fa 44 7e 
00 26 7f 00 00 05 00 00 00 00 00 00 00 fa 44 7e 
00 26 e5 00 00 05 00 00 00 00 00 00 00 fa 44 7e 
00 26 3e 00 00 05 00 00 00 00 00 00 00 fa 44 7e 
00 27 bb 00 00 05 00 00 00 00 00 00 00 fa 44 7e 
00 27 65 00 00 05 00 00 00 00 00 00 00 fa 44 7e 
00 27 ac 00 00 05 00 00 00 00 00 00 00 fa 44 7e 
00 26 c7 00 00 05 00 00 00 00 00 00 00 fa 44 7e 
00 27 36 00 00 05 00 00 00 00 00 00 00 fa 44 7e 
00 26 d6 00 00 05 00 00 00 00 00 00 00 fa 44 7e 
00 27 2b 00 00 05 00 00 00 00 00 00 00 fa 44 7e 
00 26 88 00 00 05 00 00 00 00 00 00 00 fa 44 7e 
00 27 18 00 00 05 00 00 00 00 00 00 00 fa 44 7e 
00 27 63 00 00 05 00 00 00 00 00 00 00 fa 44 7e 
00 27 49 00 00 05 00 00 00 00 00 00 00 fa 44 7e 
00 27 43 00 00 05 00 00 00 00 00 00 00 fa 44 7e 
00 27 23 00 00 05 00 00 00 00 00 00 00 fa 44 7e 
00 27 75 00 00 05 00 00 00 00 00 00 00 fa 44 7e 
00 26 81 00 00 05 00 00 00 00 00 00 00 fa 44 7e 
00 26 66 00 00 05 00 00 00 00 00 00 00 fa 44 7e 
00 26 5a 00 00 05 00 00 00 00 00 00 00 fa 44 7e 
00 27 38 00 00 05 00 00 00 00 00 00 00 fa 44 7e 
00 27 6b 00 00 05 00 00 00 00 00 00 00 fa 44 7e 
00 26 a1 00 00 05 00 00 00 00 00 00 00 fa 44 7e 
00 26 c5 00 00 05 00 00 00 00 00 00 00 fa 44 7e 
00 26 86 00 00 05 00 00 00 00 00 00 00 fa 44 7e 
00 26 18 00 00 05 00 00 00 00 00 00 00 fa 44 7e 
00 26 5c 00 00 05 00 00 00 00 00 00 00 fa 44 7e 
00 27 05 00 00 05 00 00 00 00 00 00 00 fa 44 7e 
00 26 1c 00 00 05 00 00 00 00 00 00 00 fa 44 7e 
00 26 2b 00 00 05 00 00 00 00 00 00 00 fa 44 7e 
00 26 bf 00 00 05 00 00 00 00 00 00 00 fa 44 7e 
00 27 38 00 00 05 00 00 00 00 00 00 00 fa 44 7e 
00 27 5c 00 00 05 00 00 00 00 00 00 00 fa 44 7e 
00 26 bb 00 00 05 00 00 00 00 00 00 00 fa 44 7e 
00 26 9b 00 00 05 00 00 00 00 00 00 00 fa 44 7e 
00 26 66 00 00 05 00 00 00 00 00 00 00 fa 44 7e 
00 26 77 00 00 05 00 00 00 00 00 00 00 fa 44 7e 
00 26 4d 00 00 05 00 00 00 00 00 00 00 fa 44 7e 
00 26 b2 00 00 05 00 00 00 00 00 00 00 fa 44 7e 
00 27 18 00 00 05 00 00 00 00 00 00 00 fa 44 7e 
00 26 f8 00 00 05 00 00 00 00 00 00 00 fa 44 7e 
00 26 e5 00 00 05 00 00 00 00 00 00 00 fa 44 7e 
00 26 5e 00 00 05 00 00 00 00 00 00 00 fa 44 7e 
00 26 52 00 00 05 00 00 00 00 00 00 00 fa 44 7e 
00 26 c7 00 00 05 00 00 00 00 00 00 00 fa 44 7e 
00 26 56 00 00 05 00 00 00 00 00 00 00 fa 44 7e 
00 26 4b 00 00 05 00 00 00 00 00 00 00 fa 44 7e 
00 26 4d 00 00 05 00 00 00 00 00 00 00 fa 44 7e 
00 27 05 00 00 05 00 00 00 00 00 00 00 fa 44 7e 
00 27 03 00 00 05 00 00 00 00 00 00 00 fa 44 7e 
00 27 32 00 00 05 00 00 00 00 00 00 00 fa 44 7e 
00 27 0e 00 00 05 00 00 00 00 00 00 00 fa 44 7e 
00 26 e7 00 00 05 00 00 00 00 00 00 00 fa 44 7e 
00 26 fd 00 00 05 00 00 00 00 00 00 00 fa 44 7e 
00 26 a1 00 00 05 00 00 00 00 00 00 00 fa 44 7e 
00 26 e9 00 00 05 00 00 00 00 00 00 00 fa 44 7e 
00 27 86 00 00 05 00 00 00 00 00 00 00 fa 44 7e 
00 26 3c 00 00 05 00 00 00 00 00 00 00 fa 44 7e 
00 26 6a 00 00 05 00 00 00 00 00 00 00 fa 44 7e 
00 27 09 00 00 05 00 00 00 00 00 00 00 fa 44 7e 
00 27 49 00 00 05 00 00 00 00 00 00 00 fa 44 7e 
00 27 25 00 00 05 00 00 00 00 00 00 00 fa 44 7e 
00 27 2b 00 00 05 00 00 00 00 00 00 00 fa 44 7e 
00 26 a8 00 00 05 00 00 00 00 00 00 00 fa 44 7e 
00 26 88 00 00 05 00 00 00 00 00 00 00 fa 44 7e 
00 26 8e 00 00 05 00 00 00 00 00 00 00 fa 44 7e 
00 26 ff 00 00 05 00 00 00 00 00 00 00 fa 44 7e 
00 27 3e 00 00 05 00 00 00 00 00 00 00 fa 44 7e 
00 26 79 00 00 05 00 00 00 00 00 00 00 fa 44 7e 
00 26 68 00 00 05 00 00 00 00 00 00 00 fa 44 7e 
00 27 5c 00 00 05 00 00 00 00 00 00 00 fa 44 7e 
00 26 ec 00 00 05 00 00 00 00 00 00 00 fa 44 7e 
00 27 0b 00 00 05 00 00 00 00 00 00 00 fa 44 7e 
00 26 fa 00 00 05 00 00 00 00 00 00 00 fa 44 7e 
00 26 d8 00 00 05 00 00 00 00 00 00 00 fa 44 7e 
00 25 f4 00 00 05 00 00 00 00 00 00 00 fa 44 7e 
00 26 30 00 00 05 00 00 00 00 00 00 00 fa 44 7e 
00 26 3a 00 00 05 00 00 00 00 00 00 00 fa 44 7e 
00 26 bf 00 00 05 00 00 00 00 00 00 00 fa 44 7e 
00 26 d2 00 00 05 00 00 00 00 00 00 00 fa 44 7e 
00 26 d8 00 00 05 00 00 00 00 00 00 00 fa 44 7e 
00 26 2b 00 00 05 00 00 00 00 00 00 00 fa 44 7e 
00 26 d4 00 00 05 00 00 00 00 00 00 00 fa 44 7e 
00 27 0e 00 00 05 00 00 00 00 00 00 00 fa 44 7e 
00 27 07 00 00 05 00 00 00 00 00 00 00 fa 44 7e 
00 27 27 00 00 05 00 00 00 00 00 00 00 fa 44 7e 
00 27 03 00 00 05 00 00 00 00 00 00 00 fa 44 7e 
00 26 a8 00 00 05 00 00 00 00 00 00 00 fa 44 7e 
00 26 f4 00 00 05 00 00 00 00 00 00 00 fa 44 7e 
00 26 23 00 00 00 00 00 00 fa 44 00 00 05 00 7e 
00 26 8c 00 00 05 00 00 00 00 00 00 00 fa 44 7e 
00 26 f6 00 00 05 00 00 00 00 00 00 00 fa 44 7e 
00 26 8e 00 00 05 00 00 00 00 00 00 00 fa 44 7e 
00 26 29 00 00 05 00 00 00 00 00 00 00 fa 44 7e 
00 27 23 00 00 05 00 00 00 00 00 00 00 fa 44 7e 
00 26 77 00 00 05 00 00 00 00 00 00 00 fa 44 7e 
00 26 83 00 00 05 00 00 00 00 00 00 00 fa 44 7e 
00 26 c5 00 00 05 00 00 00 00 00 00 00 fa 44 7e 
00 26 75 00 00 05 00 00 00 00 00 00 00 fa 44 7e 
00 26 49 00 00 05 00 00 00 00 00 00 00 fa 44 7e 
00 26 6a 00 00 05 00 00 00 00 00 00 00 fa 44 7e 
00 27 14 00 00 05 00 00 00 00 00 00 00 fa 44 7e 
00 26 7d 00 00 05 00 00 00 00 00 00 00 fa 44 7e 
00 26 6e 00 00 05 00 00 00 00 00 00 00 fa 44 7e 
00 26 e1 00 00 05 00 00 00 00 00 00 00 fa 44 7e 
00 26 4f 00 00 05 00 00 00 00 00 00 00 fa 44 7e 
00 26 4d 00 00 05 00 00 00 00 00 00 00 fa 44 7e 
00 27 05 00 00 05 00 00 00 00 00 00 00 fa 44 7e 
00 26 cc 00 00 05 00 00 00 00 00 00 00 fa 44 7e 
00 26 c5 00 00 05 00 00 00 00 00 00 00 fa 44 7e 
00 26 bf 00 00 05 00 00 00 00 00 00 00 fa 44 7e 
00 27 12 00 00 05 00 00 00 00 00 00 00 fa 44 7e 
00 26 b6 00 00 05 00 00 00 00 00 00 00 fa 44 7e 
00 27 01 00 00 05 00 00 00 00 00 00 00 fa 44 7e 
00 27 77 00 00 05 00 00 00 00 00 00 00 fa 44 7e 
00 26 92 00 00 05 00 00 00 00 00 00 00 fa 44 7e 
00 26 ee 00 00 05 00 00 00 00 00 00 00 fa 44 7e 
00 26 88 00 00 05 00 00 00 00 00 00 00 fa 44 7e 
00 26 ae 00 00 05 00 00 00 00 00 00 00 fa 44 7e 
00 26 94 00 00 05 00 00 00 00 00 00 00 fa 44 7e 
00 27 25 00 00 05 00 00 00 00 00 00 00 fa 44 7e 
00 27 56 00 00 05 00 00 00 00 00 00 00 fa 44 7e 
00 26 66 00 00 05 00 00 00 00 00 00 00 fa 44 7e 
00 26 47 00 00 05 00 00 00 00 00 00 00 fa 44 7e 
00 26 52 00 00 05 00 00 00 00 00 00 00 fa 44 7e 
00 26 ee 00 00 05 00 00 00 00 00 00 00 fa 44 7e 
00 26 f6 00 00 05 00 00 00 00 00 00 00 fa 44 7e 
00 27 b4 00 00 05 00 00 00 00 00 00 00 fa 44 7e 
00 26 90 00 00 05 00 00 00 00 00 00 00 fa 44 7e 
00 26 a8 00 00 05 00 00 00 00 00 00 00 fa 44 7e 
00 26 86 00 00 05 00 00 00 00 00 00 00 fa 44 7e 
00 26 9b 00 00 05 00 00 00 00 00 00 00 fa 44 7e 
00 26 41 00 00 05 00 00 00 00 00 00 00 fa 44 7e 
00 25 d6 00 00 05 00 00 00 00 00 00 00 fa 44 7e 
00 26 a1 00 00 05 00 00 00 00 00 00 00 fa 44 7e 
00 26 90 00 00 05 00 00 00 00 00 00 00 fa 44 7e 
00 26 a8 00 00 05 00 00 00 00 00 00 00 fa 44 7e 
00 26 92 00 00 05 00 00 00 00 00 00 00 fa 44 7e 
00 26 f8 00 00 05 00 00 00 00 00 00 00 fa 44 7e 
00 26 70 00 00 05 00 00 00 00 00 00 00 fa 44 7e 
00 26 83 00 00 05 00 00 00 00 00 00 00 fa 44 7e 
00 26 d8 00 00 05 00 00 00 00 00 00 00 fa 44 7e 
00 26 d8 00 00 05 00 00 00 00 00 00 00 fa 44 7e 
00 27 56 00 00 05 00 00 00 00 00 00 00 fa 44 7e 
00 26 aa 00 00 05 00 00 00 00 00 00 00 fa 44 7e 
00 26 9f 00 00 05 00 00 00 00 00 00 00 fa 44 7e 
00 26 d6 00 00 05 00 00 00 00 00 00 00 fa 44 7e 
00 26 99 00 00 05 00 00 00 00 00 00 00 fa 44 7e 
00 27 5c 00 00 05 00 00 00 00 00 00 00 fa 44 7e 
00 26 f4 00 00 05 00 00 00 00 00 00 00 fa 44 7e 
00 26 54 00 00 05 00 00 00 00 00 00 00 fa 44 7e 
00 26 66 00 00 05 00 00 00 00 00 00 00 fa 44 7e 
00 26 d8 00 00 05 00 00 00 00 00 00 00 fa 44 7e 
00 27 79 00 00 05 00 00 00 00 00 00 00 fa 44 7e 
00 27 aa 00 00 05 00 00 00 00 00 00 00 fa 44 7e 
00 26 83 00 00 05 00 00 00 00 00 00 00 fa 44 7e 
00 26 6e 00 00 05 00 00 00 00 00 00 00 fa 44 7e 
00 26 aa 00 00 05 00 00 00 00 00 00 00 fa 44 7e 
00 26 d6 00 00 05 00 00 00 00 00 00 00 fa 44 7e 
00 26 4d 00 00 05 00 00 00 00 00 00 00 fa 44 7e 
00 26 b2 00 00 05 00 00 00 00 00 00 00 fa 44 7e 
00 26 c7 00 00 05 00 00 00 00 00 00 00 fa 44 7e 
00 26 a1 00 00 05 00 00 00 00 00 00 00 fa 44 7e 
00 27 10 00 00 05 00 00 00 00 00 00 00 fa 44 7e 
00 26 f0 00 00 05 00 00 00 00 00 00 00 fa 44 7e 
00 26 7f 00 00 05 00 00 00 00 00 00 00 fa 44 7e 
00 27 21 00 00 00 00 00 00 fa 44 00 00 05 00 7e 
00 27 1a 00 00 05 00 00 00 00 00 00 00 fa 44 7e 
00 26 f2 00 00 05 00 00 00 00 00 00 00 fa 44 7e 
00 26 bb 00 00 05 00 00 00 00 00 00 00 fa 44 7e 
00 27 27 00 00 05 00 00 00 00 00 00 00 fa 44 7e 
00 27 01 00 00 05 00 00 00 00 00 00 00 fa 44 7e 
00 26 ca 00 00 05 00 00 00 00 00 00 00 fa 44 7e 
00 26 6e 00 00 05 00 00 00 00 00 00 00 fa 44 7e 
00 26 c7 00 00 05 00 00 00 00 00 00 00 fa 44 7e 
00 27 2d 00 00 05 00 00 00 00 00 00 00 fa 44 7e 
00 26 a8 00 00 05 00 00 00 00 00 00 00 fa 44 7e 
00 27 36 00 00 05 00 00 00 00 00 00 00 fa 44 7e 
00 27 1a 00 00 05 00 00 00 00 00 00 00 fa 44 7e 
00 27 90 00 00 05 00 00 00 00 00 00 00 fa 44 7e 
00 25 ee 00 00 05 00 00 00 00 00 00 00 fa 44 7e 
00 26 6e 00 00 05 00 00 00 00 00 00 00 fa 44 7e 
00 26 81 00 00 05 00 00 00 00 00 00 00 fa 44 7e 
00 27 81 00 00 05 00 00 00 00 00 00 00 fa 44 7e 
00 27 29 00 00 05 00 00 00 00 00 00 00 fa 44 7e 
00 26 b4 00 00 05 00 00 00 00 00 00 00 fa 44 7e 
00 26 e3 00 00 05 00 00 00 00 00 00 00 fa 44 7e 
00 27 45 00 00 05 00 00 00 00 00 00 00 fa 44 7e 
00 25 d6 00 00 05 00 00 00 00 00 00 00 fa 44 7e 
00 26 ae 00 00 05 00 00 00 00 00 00 00 fa 44 7e 
00 26 e9 00 00 05 00 00 00 00 00 00 00 fa 44 7e 
00 27 52 00 00 05 00 00 00 00 00 00 00 fa 44 7e 
00 26 ff 00 00 05 00 00 00 00 00 00 00 fa 44 7e 
00 27 18 00 00 05 00 00 00 00 00 00 00 fa 44 7e 
00 26 db 00 00 05 00 00 00 00 00 00 00 fa 44 7e 
00 26 f0 00 00 05 00 00 00 00 00 00 00 fa 44 7e 
00 27 43 00 00 05 00 00 00 00 00 00 00 fa 44 7e 
00 27 29 00 00 05 00 00 00 00 00 00 00 fa 44 7e 
00 26 f2 00 00 05 00 00 00 00 00 00 00 fa 44 7e 
00 26 ae 00 00 05 00 00 00 00 00 00 00 fa 44 7e 
00 26 66 00 00 05 00 00 00 00 00 00 00 fa 44 7e 
00 26 29 00 00 05 00 00 00 00 00 00 00 fa 44 7e 
00 27 67 00 00 05 00 00 00 00 00 00 00 fa 44 7e 
00 27 03 00 00 05 00 00 00 00 00 00 00 fa 44 7e 
00 26 ee 00 00 05 00 00 00 00 00 00 00 fa 44 7e 
00 27 27 00 00 05 00 00 00 00 00 00 00 fa 44 7e 
00 26 d6 00 00 05 00 00 00 00 00 00 00 fa 44 7e 
00 26 77 00 00 05 00 00 00 00 00 00 00 fa 44 7e 
00 26 9d 00 00 05 00 00 00 00 00 00 00 fa 44 7e 
00 26 56 00 00 05 00 00 00 00 00 00 00 fa 44 7e 
00 26 b2 00 00 05 00 00 00 00 00 00 00 fa 44 7e 
00 26 7b 00 00 05 00 00 00 00 00 00 00 fa 44 7e 
00 26 43 00 00 05 00 00 00 00 00 00 00 fa 44 7e 
00 26 25 00 00 05 00 00 00 00 00 00 00 fa 44 7e 
00 25 a5 00 00 05 00 00 00 00 00 00 00 fa 44 7e 
00 26 52 00 00 05 00 00 00 00 00 00 00 fa 44 7e 
00 27 05 00 00 05 00 00 00 00 00 00 00 fa 44 7e 
00 26 bd 00 00 05 00 00 00 00 00 00 00 fa 44 7e 
00 27 99 00 00 05 00 00 00 00 00 00 00 fa 44 7e 
00 27 97 00 00 05 00 00 00 00 00 00 00 fa 44 7e 
00 26 e5 00 00 05 00 00 00 00 00 00 00 fa 44 7e 
00 26 88 00 00 05 00 00 00 00 00 00 00 fa 44 7e 
00 26 6a 00 00 05 00 00 00 00 00 00 00 fa 44 7e 
00 26 7d 00 00 05 00 00 00 00 00 00 00 fa 44 7e 
00 25 f8 00 00 05 00 00 00 00 00 00 00 fa 44 7e 
00 27 29 00 00 05 00 00 00 00 00 00 00 fa 44 7e 
00 26 68 00 00 05 00 00 00 00 00 00 00 fa 44 7e 
00 26 70 00 00 05 00 00 00 00 00 00 00 fa 44 7e 
00 26 b9 00 00 05 00 00 00 00 00 00 00 fa 44 7e 
00 26 6e 00 00 05 00 00 00 00 00 00 00 fa 44 7e 
00 26 43 00 00 05 00 00 00 00 00 00 00 fa 44 7e 
00 25 d0 00 00 05 00 00 00 00 00 00 00 fa 44 7e 
00 27 2b 00 00 05 00 00 00 00 00 00 00 fa 44 7e 
00 26 6e 00 00 05 00 00 00 00 00 00 00 fa 44 7e 
00 26 77 00 00 05 00 00 00 00 00 00 00 fa 44 7e 
00 26 2d 00 00 05 00 00 00 00 00 00 00 fa 44 7e 
00 27 38 00 00 05 00 00 00 00 00 00 00 fa 44 7e 
00 26 56 00 00 05 00 00 00 00 00 00 00 fa 44 7e 
00 26 2d 00 00 05 00 00 00 00 00 00 00 fa 44 7e 
00 26 b2 00 00 05 00 00 00 00 00 00 00 fa 44 7e 
00 27 5c 00 00 05 00 00 00 00 00 00 00 fa 44 7e 
00 26 ca 00 00 05 00 00 00 00 00 00 00 fa 44 7e 
00 27 cc 00 00 05 00 00 00 00 00 00 00 fa 44 7e 
00 26 d6 00 00 05 00 00 00 00 00 00 00 fa 44 7e 
00 26 12 00 00 05 00 00 00 00 00 00 00 fa 44 7e 
00 27 34 00 00 05 00 00 00 00 00 00 00 fa 44 7e 
00 26 66 00 00 05 00 00 00 00 00 00 00 fa 44 7e 
00 26 47 00 00 05 00 00 00 00 00 00 00 fa 44 7e 
00 26 b9 00 00 05 00 00 00 00 00 00 00 fa 44 7e 
00 26 60 00 00 05 00 00 00 00 00 00 00 fa 44 7e 
00 26 5e 00 00 05 00 00 00 00 00 00 00 fa 44 7e 
00 25 cc 00 00 05 00 00 00 00 00 00 00 fa 44 7e 
00 26 d2 00 00 05 00 00 00 00 00 00 00 fa 44 7e 
00 26 e5 00 00 05 00 00 00 00 00 00 00 fa 44 7e 
00 26 6e 00 00 05 00 00 00 00 00 00 00 fa 44 7e 
00 26 ae 00 00 05 00 00 00 00 00 00 00 fa 44 7e 
00 27 47 00 00 05 00 00 00 00 00 00 00 fa 44 7e 
00 27 0e 00 00 05 00 00 00 00 00 00 00 fa 44 7e 
00 27 97 00 00 05 00 00 00 00 00 00 00 fa 44 7e 
00 26 7b 00 00 05 00 00 00 00 00 00 00 fa 44 7e 
00 26 47 00 00 05 00 00 00 00 00 00 00 fa 44 7e 
00 27 5e 00 00 05 00 00 00 00 00 00 00 fa 44 7e 
00 26 d6 00 00 05 00 00 00 00 00 00 00 fa 44 7e 
00 26 f6 00 00 05 00 00 00 00 00 00 00 fa 44 7e 
00 27 8a 00 00 05 00 00 00 00 00 00 00 fa 44 7e 
00 27 99 00 00 05 00 00 00 00 00 00 00 fa 44 7e 
00 27 60 00 00 05 00 00 00 00 00 00 00 fa 44 7e 
00 26 6e 00 00 05 00 00 00 00 00 00 00 fa 44 7e 
00 27 65 00 00 05 00 00 00 00 00 00 00 fa 44 7e 
00 27 12 00 00 05 00 00 00 00 00 00 00 fa 44 7e 
00 27 2b 00 00 05 00 00 00 00 00 00 00 fa 44 7e 
00 27 52 00 00 05 00 00 00 00 00 00 00 fa 44 7e 
00 27 05 00 00 05 00 00 00 00 00 00 00 fa 44 7e 
00 27 cc 00 00 05 00 00 00 00 00 00 00 fa 44 7e 
00 26 df 00 00 05 00 00 00 00 00 00 00 fa 44 7e 
00 27 45 00 00 05 00 00 00 00 00 00 00 fa 44 7e 
00 27 41 00 00 05 00 00 00 00 00 00 00 fa 44 7e 
00 26 bf 00 00 05 00 00 00 00 00 00 00 fa 44 7e 
00 27 14 00 00 05 00 00 00 00 00 00 00 fa 44 7e 
00 27 77 00 00 05 00 00 00 00 00 00 00 fa 44 7e 
00 26 e3 00 00 05 00 00 00 00 00 00 00 fa 44 7e 
00 26 b0 00 00 05 00 00 00 00 00 00 00 fa 44 7e 
00 27 2d 00 00 05 00 00 00 00 00 00 00 fa 44 7e 
00 27 03 00 00 05 00 00 00 00 00 00 00 fa 44 7e 
00 27 01 00 00 05 00 00 00 00 00 00 00 fa 44 7e 
00 26 7b 00 00 05 00 00 00 00 00 00 00 fa 44 7e 
00 27 1f 00 00 05 00 00 00 00 00 00 00 fa 44 7e 
00 26 3a 00 00 05 00 00 00 00 00 00 00 fa 44 7e 
00 26 ca 00 00 05 00 00 00 00 00 00 00 fa 44 7e 
00 27 4b 00 00 05 00 00 00 00 00 00 00 fa 44 7e 
00 26 d0 00 00 05 00 00 00 00 00 00 00 fa 44 7e 
00 26 ac 00 00 05 00 00 00 00 00 00 00 fa 44 7e 
00 26 db 00 00 05 00 00 00 00 00 00 00 fa 44 7e 
00 27 03 00 00 05 00 00 00 00 00 00 00 fa 44 7e 
00 26 4d 00 00 05 00 00 00 00 00 00 00 fa 44 7e 
00 27 1a 00 00 05 00 00 00 00 00 00 00 fa 44 7e 
00 26 38 00 00 05 00 00 00 00 00 00 00 fa 44 7e 
00 26 6c 00 00 05 00 00 00 00 00 00 00 fa 44 7e 
00 26 b4 00 00 05 00 00 00 00 00 00 00 fa 44 7e 
00 26 ae 00 00 05 00 00 00 00 00 00 00 fa 44 7e 
00 26 1f 00 00 05 00 00 00 00 00 00 00 fa 44 7e 
00 25 dd 00 00 05 00 00 00 00 00 00 00 fa 44 7e 
00 27 25 00 00 05 00 00 00 00 00 00 00 fa 44 7e 
00 27 2d 00 00 05 00 00 00 00 00 00 00 fa 44 7e 
00 26 e5 00 00 05 00 00 00 00 00 00 00 fa 44 7e 
00 27 c7 00 00 05 00 00 00 00 00 00 00 fa 44 7e 
00 26 b0 00 00 05 00 00 00 00 00 00 00 fa 44 7e 
00 26 b9 00 00 05 00 00 00 00 00 00 00 fa 44 7e 
00 26 d0 00 00 05 00 00 00 00 00 00 00 fa 44 7e 
00 27 47 00 00 05 00 00 00 00 00 00 00 fa 44 7e 
00 26 ac 00 00 05 00 00 00 00 00 00 00 fa 44 7e 
00 27 3c 00 00 05 00 00 00 00 00 00 00 fa 44 7e 
00 27 0e 00 00 05 00 00 00 00 00 00 00 fa 44 7e 
00 26 4b 00 00 05 00 00 00 00 00 00 00 fa 44 7e 
00 27 25 00 00 05 00 00 00 00 00 00 00 fa 44 7e 
00 26 ae 00 00 05 00 00 00 00 00 00 00 fa 44 7e 
00 26 32 00 00 05 00 00 00 00 00 00 00 fa 44 7e 
00 26 bf 00 00 05 00 00 00 00 00 00 00 fa 44 7e 
00 27 29 00 00 05 00 00 00 00 00 00 00 fa 44 7e 
00 26 fa 00 00 05 00 00 00 00 00 00 00 fa 44 7e 
00 26 ee 00 00 05 00 00 00 00 00 00 00 fa 44 7e 
00 26 bd 00 00 05 00 00 00 00 00 00 00 fa 44 7e 
00 26 b9 00 00 05 00 00 00 00 00 00 00 fa 44 7e 
00 27 03 00 00 05 00 00 00 00 00 00 00 fa 44 7e 
00 27 9b 00 00 05 00 00 00 00 00 00 00 fa 44 7e 
00 26 d4 00 00 05 00 00 00 00 00 00 00 fa 44 7e 
00 27 7d 00 00 05 00 00 00 00 00 00 00 fa 44 7e 
00 27 90 00 00 05 00 00 00 00 00 00 00 fa 44 7e 
00 26 db 00 00 05 00 00 00 00 00 00 00 fa 44 7e 
00 26 23 00 00 05 00 00 00 00 00 00 00 fa 44 7e 
00 26 49 00 00 05 00 00 00 00 00 00 00 fa 44 7e 
00 26 cc 00 00 05 00 00 00 00 00 00 00 fa 44 7e 
00 26 72 00 00 05 00 00 00 00 00 00 00 fa 44 7e 
00 26 43 00 00 05 00 00 00 00 00 00 00 fa 44 7e 
00 26 bd 00 00 05 00 00 00 00 00 00 00 fa 44 7e 
00 26 c1 00 00 05 00 00 00 00 00 00 00 fa 44 7e 
00 26 30 00 00 05 00 00 00 00 00 00 00 fa 44 7e 
00 26 64 00 00 05 00 00 00 00 00 00 00 fa 44 7e 
00 26 e1 00 00 05 00 00 00 00 00 00 00 fa 44 7e 
00 26 f0 00 00 05 00 00 00 00 00 00 00 fa 44 7e 
00 26 68 00 00 05 00 00 00 00 00 00 00 fa 44 7e 
00 26 81 00 00 05 00 00 00 00 00 00 00 fa 44 7e 
00 27 34 00 00 05 00 00 00 00 00 00 00 fa 44 7e 
00 27 8e 00 00 05 00 00 00 00 00 00 00 fa 44 7e 
00 27 4d 00 00 05 00 00 00 00 00 00 00 fa 44 7e 
00 26 d4 00 00 05 00 00 00 00 00 00 00 fa 44 7e 
00 27 32 00 00 05 00 00 00 00 00 00 00 fa 44 7e 
00 26 e3 00 00 05 00 00 00 00 00 00 00 fa 44 7e 
00 26 38 00 00 05 00 00 00 00 00 00 00 fa 44 7e 
00 27 34 00 00 05 00 00 00 00 00 00 00 fa 44 7e 
00 26 6c 00 00 05 00 00 00 00 00 00 00 fa 44 7e 
00 26 e9 00 00 05 00 00 00 00 00 00 00 fa 44 7e 
00 26 8c 00 00 05 00 00 00 00 00 00 00 fa 44 7e 
00 27 a1 00 00 05 00 00 00 00 00 00 00 fa 44 7e 
00 26 9b 00 00 05 00 00 00 00 00 00 00 fa 44 7e 
00 27 03 00 00 05 00 00 00 00 00 00 00 fa 44 7e 
00 27 90 00 00 05 00 00 00 00 00 00 00 fa 44 7e 
00 26 db 00 00 05 00 00 00 00 00 00 00 fa 44 7e 
00 27 23 00 00 05 00 00 00 00 00 00 00 fa 44 7e 
00 26 cc 00 00 05 00 00 00 00 00 00 00 fa 44 7e 
00 26 32 00 00 05 00 00 00 00 00 00 00 fa 44 7e 
00 26 ec 00 00 05 00 00 00 00 00 00 00 fa 44 7e 
00 27 27 00 00 05 00 00 00 00 00 00 00 fa 44 7e 
00 26 68 00 00 05 00 00 00 00 00 00 00 fa 44 7e 
00 27 09 00 00 05 00 00 00 00 00 00 00 fa 44 7e 
00 27 4b 00 00 05 00 00 00 00 00 00 00 fa 44 7e 
00 27 05 00 00 05 00 00 00 00 00 00 00 fa 44 7e 
00 27 30 00 00 05 00 00 00 00 00 00 00 fa 44 7e 
00 26 bf 00 00 05 00 00 00 00 00 00 00 fa 44 7e 
00 27 d0 00 00 05 00 00 00 00 00 00 00 fa 44 7e 
00 26 cc 00 00 05 00 00 00 00 00 00 00 fa 44 7e 
00 27 4d 00 00 05 00 00 00 00 00 00 00 fa 44 7e 
00 26 f0 00 00 05 00 00 00 00 00 00 00 fa 44 7e 
00 26 79 00 00 05 00 00 00 00 00 00 00 fa 44 7e 
00 26 4f 00 00 05 00 00 00 00 00 00 00 fa 44 7e 
00 26 ca 00 00 05 00 00 00 00 00 00 00 fa 44 7e 
00 27 6f 00 00 05 00 00 00 00 00 00 00 fa 44 7e 
00 27 54 00 00 05 00 00 00 00 00 00 00 fa 44 7e 
00 27 df 00 00 05 00 00 00 00 00 00 00 fa 44 7e 
00 26 ee 00 00 05 00 00 00 00 00 00 00 fa 44 7e 
00 27 92 00 00 05 00 00 00 00 00 00 00 fa 44 7e 
00 27 4f 00 00 05 00 00 00 00 00 00 00 fa 44 7e 
00 26 77 00 00 05 00 00 00 00 00 00 00 fa 44 7e 
00 26 f6 00 00 05 00 00 00 00 00 00 00 fa 44 7e 
00 26 a1 00 00 05 00 00 00 00 00 00 00 fa 44 7e 
00 26 99 00 00 05 00 00 00 00 00 00 00 fa 44 7e 
00 26 60 00 00 05 00 00 00 00 00 00 00 fa 44 7e 
00 27 bf 00 00 05 00 00 00 00 00 00 00 fa 44 7e 
00 26 79 00 00 05 00 00 00 00 00 00 00 fa 44 7e 
00 27 4d 00 00 05 00 00 00 00 00 00 00 fa 44 7e 
00 27 a5 00 00 05 00 00 00 00 00 00 00 fa 44 7e 
00 27 1a 00 00 05 00 00 00 00 00 00 00 fa 44 7e 
00 26 bb 00 00 05 00 00 00 00 00 00 00 fa 44 7e 
00 27 1a 00 00 05 00 00 00 00 00 00 00 fa 44 7e 
00 26 bb 00 00 05 00 00 00 00 00 00 00 fa 44 7e 
00 27 75 00 00 05 00 00 00 00 00 00 00 fa 44 7e 
00 26 ae 00 00 05 00 00 00 00 00 00 00 fa 44 7e 
00 26 d6 00 00 05 00 00 00 00 00 00 00 fa 44 7e 
00 27 a3 00 00 05 00 00 00 00 00 00 00 fa 44 7e 
00 27 43 00 00 05 00 00 00 00 00 00 00 fa 44 7e 
00 26 c7 00 00 05 00 00 00 00 00 00 00 fa 44 7e 
00 27 1a 00 00 05 00 00 00 00 00 00 00 fa 44 7e 
00 27 3a 00 00 05 00 00 00 00 00 00 00 fa 44 7e 
00 27 b4 00 00 05 00 00 00 00 00 00 00 fa 44 7e 
00 27 7d 00 00 05 00 00 00 00 00 00 00 fa 44 7e 
00 26 b2 00 00 05 00 00 00 00 00 00 00 fa 44 7e 
00 27 65 00 00 05 00 00 00 00 00 00 00 fa 44 7e 
00 26 bb 00 00 05 00 00 00 00 00 00 00 fa 44 7e 
00 27 0b 00 00 05 00 00 00 00 00 00 00 fa 44 7e 
00 27 25 00 00 05 00 00 00 00 00 00 00 fa 44 7e 
00 26 d8 00 00 05 00 00 00 00 00 00 00 fa 44 7e 
00 26 a8 00 00 05 00 00 00 00 00 00 00 fa 44 7e 
00 26 9b 00 00 05 00 00 00 00 00 00 00 fa 44 7e 
00 26 ff 00 00 05 00 00 00 00 00 00 00 fa 44 7e 
00 27 65 00 00 05 00 00 00 00 00 00 00 fa 44 7e 
00 27 01 00 00 05 00 00 00 00 00 00 00 fa 44 7e 
00 27 88 00 00 05 00 00 00 00 00 00 00 fa 44 7e 
00 26 b6 00 00 05 00 00 00 00 00 00 00 fa 44 7e 
00 27 1f 00 00 05 00 00 00 00 00 00 00 fa 44 7e 
00 26 bf 00 00 05 00 00 00 00 00 00 00 fa 44 7e 
00 26 99 00 00 05 00 00 00 00 00 00 00 fa 44 7e 
00 27 41 00 00 05 00 00 00 00 00 00 00 fa 44 7e 
00 26 d8 00 00 05 00 00 00 00 00 00 00 fa 44 7e 
00 27 14 00 00 05 00 00 00 00 00 00 00 fa 44 7e 
00 25 fa 00 00 05 00 00 00 00 00 00 00 fa 44 7e 
00 26 a3 00 00 05 00 00 00 00 00 00 00 fa 44 7e 
00 26 b6 00 00 05 00 00 00 00 00 00 00 fa 44 7e 
00 26 d4 00 00 05 00 00 00 00 00 00 00 fa 44 7e 
00 27 6d 00 00 05 00 00 00 00 00 00 00 fa 44 7e 
00 27 36 00 00 05 00 00 00 00 00 00 00 fa 44 7e 
00 27 38 00 00 05 00 00 00 00 00 00 00 fa 44 7e 
00 27 ee 00 00 05 00 00 00 00 00 00 00 fa 44 7e 
00 26 db 00 00 05 00 00 00 00 00 00 00 fa 44 7e 
00 27 52 00 00 05 00 00 00 00 00 00 00 fa 44 7e 
00 27 27 00 00 05 00 00 00 00 00 00 00 fa 44 7e 
00 27 29 00 00 05 00 00 00 00 00 00 00 fa 44 7e 
00 26 f4 00 00 05 00 00 00 00 00 00 00 fa 44 7e 
00 26 bf 00 00 05 00 00 00 00 00 00 00 fa 44 7e 
00 27 e3 00 00 05 00 00 00 00 00 00 00 fa 44 7e 
00 26 f4 00 00 05 00 00 00 00 00 00 00 fa 44 7e 
00 26 ae 00 00 05 00 00 00 00 00 00 00 fa 44 7e 
00 27 12 00 00 05 00 00 00 00 00 00 00 fa 44 7e 
00 26 8a 00 00 05 00 00 00 00 00 00 00 fa 44 7e 
00 27 09 00 00 05 00 00 00 00 00 00 00 fa 44 7e 
00 27 ae 00 00 05 00 00 00 00 00 00 00 fa 44 7e 
00 26 8e 00 00 05 00 00 00 00 00 00 00 fa 44 7e 
00 26 ca 00 00 05 00 00 00 00 00 00 00 fa 44 7e 
00 26 bb 00 00 05 00 00 00 00 00 00 00 fa 44 7e 
00 26 e1 00 00 05 00 00 00 00 00 00 00 fa 44 7e 
00 26 df 00 00 05 00 00 00 00 00 00 00 fa 44 7e 
00 26 d2 00 00 05 00 00 00 00 00 00 00 fa 44 7e 
00 27 7d 00 00 05 00 00 00 00 00 00 00 fa 44 7e 
00 26 aa 00 00 05 00 00 00 00 00 00 00 fa 44 7e 
00 27 21 00 00 05 00 00 00 00 00 00 00 fa 44 7e 
00 26 94 00 00 05 00 00 00 00 00 00 00 fa 44 7e 
00 26 4b 00 00 fa 5e 00 00 00 00 00 00 fa 44 7e 
00 26 4b 00 00 fa 5e 00 00 00 00 00 00 fa 44 7e 
00 26 a3 00 00 fa 5e 00 00 00 00 00 00 fa 44 7e 
00 27 7f 00 00 fa 5e 00 00 00 00 00 00 fa 44 7e 
00 26 7b 00 00 fa 5e 00 00 00 00 00 00 fa 44 7e 
