00 0b e1 00 67 fa 5e 00 00 00 00 01 00 01 00 00 
eb 46 4f 00 67 fa 5e 00 00 00 00 01 00 01 00 80 
f3 b3 1e 00 67 fa 5e 00 00 00 00 01 00 01 00 80 
f8 b2 dd 00 67 fa 5e 00 00 00 00 01 00 01 00 80 
fb aa 0f 00 67 fa 5e 00 00 00 00 01 00 01 00 80 
fd 6c bf 00 67 fa 5e 00 00 00 00 01 00 01 00 80 
fe 77 de 00 67 fa 5e 00 00 00 00 01 00 01 00 80 
ff 16 4f 00 67 fa 5e 00 00 00 00 01 00 01 00 80 
ff 74 68 00 67 fa 5e 00 00 00 00 01 00 01 00 80 
ff ab c1 00 67 fa 5e 00 00 00 00 01 00 01 00 80 
ff cd 31 00 67 fa 5e 00 00 00 00 01 00 01 00 80 
ff e0 d6 00 67 fa 5e 00 00 00 00 01 00 01 00 80 
ff ec 45 00 67 fa 5e 00 00 00 00 01 00 01 00 80 
ff f3 4d 00 67 fa 5e 00 00 00 00 01 00 01 00 80 
ff f7 b7 00 67 fa 5e 00 00 00 00 01 00 01 00 80 
ff fa 6c 00 67 fa 5e 00 00 00 00 01 00 01 00 80 
ff fb 6c 00 67 fa 5e 00 00 00 00 01 00 01 00 80 
ff fc 39 00 67 fa 5e 00 00 00 00 01 00 01 00 80 
ff fc 83 00 67 fa 5e 00 00 00 00 01 00 01 00 80 
ff fd 2a 00 67 fa 5e 00 00 00 00 01 00 01 00 80 
ff fd 6c 00 67 fa 5e 00 00 00 00 01 00 01 00 80 
00 01 a1 00 67 fa 5e 00 00 00 00 01 00 01 00 80 
00 03 55 00 67 fa 5e 00 00 00 00 01 00 01 00 80 
00 04 dd 00 67 fa 5e 00 00 00 00 01 00 01 00 80 
00 05 ee 00 67 fa 5e 00 00 00 00 01 00 01 00 80 
00 06 05 00 67 fa 5e 00 00 00 00 01 00 01 00 80 
00 06 b6 00 67 fa 5e 00 00 00 00 01 00 01 00 80 
00 06 d8 00 67 fa 5e 00 00 00 00 01 00 01 00 80 
00 06 81 00 67 fa 5e 00 00 00 00 01 00 01 00 80 
00 06 5c 00 67 fa 5e 00 00 00 00 01 00 01 00 80 
00 06 c1 00 67 fa 5e 00 00 00 00 01 00 01 00 80 
00 06 70 00 67 fa 5e 00 00 00 00 01 00 01 00 80 
00 06 ce 00 67 fa 5e 00 00 00 00 01 00 01 00 80 
00 06 f2 00 67 fa 5e 00 00 00 00 01 00 01 00 80 
00 07 0d 00 67 fa 5e 00 00 00 00 01 00 01 00 80 
00 06 f0 00 67 fa 5e 00 00 00 00 01 00 01 00 80 
00 07 0d 00 67 fa 5e 00 00 00 00 01 00 01 00 80 
00 07 36 00 67 fa 5e 00 00 00 00 01 00 01 00 80 
00 07 16 00 67 fa 5e 00 00 00 00 01 00 01 00 80 
00 07 5a 00 67 fa 5e 00 00 00 00 01 00 01 00 80 
00 04 0d 00 67 fa 5e 00 00 00 00 01 00 01 00 80 
00 04 66 00 67 fa 5e 00 00 00 00 01 00 01 00 80 
00 04 14 00 67 fa 5e 00 00 00 00 01 00 01 00 80 
00 03 dd 00 67 fa 5e 00 00 00 00 01 00 01 00 80 
00 03 63 00 67 fa 5e 00 00 00 00 01 00 01 00 80 
00 03 59 00 67 fa 5e 00 00 00 00 01 00 01 00 80 
00 03 ae 00 67 fa 5e 00 00 00 00 01 00 01 00 80 
00 03 96 00 67 fa 5e 00 00 00 00 01 00 01 00 80 
00 03 5d 00 67 fa 5e 00 00 00 00 01 00 01 00 80 
00 03 bf 00 67 fa 5e 00 00 00 00 01 00 01 00 80 
00 03 b6 00 67 fa 5e 00 00 00 00 01 00 01 00 80 
00 03 aa 00 67 fa 5e 00 00 00 00 01 00 01 00 80 
00 03 c5 00 67 fa 5e 00 00 00 00 01 00 01 00 80 
00 03 d6 00 67 fa 5e 00 00 00 00 01 00 01 00 80 
00 03 d8 00 67 fa 5e 00 00 00 00 01 00 01 00 80 
00 03 bd 00 67 fa 5e 00 00 00 00 01 00 01 00 80 
00 03 9d 00 67 fa 5e 00 00 00 00 01 00 01 00 80 
00 03 ce 00 67 fa 5e 00 00 00 00 01 00 01 00 80 
00 04 3a 00 67 fa 5e 00 00 00 00 01 00 01 00 80 
00 03 eb 00 67 fa 5e 00 00 00 00 01 00 01 00 80 
00 03 b2 00 67 fa 5e 00 00 00 00 01 00 01 00 80 
00 03 e1 00 67 fa 5e 00 00 00 00 01 00 01 00 80 
00 03 9d 00 67 fa 5e 00 00 00 00 01 00 01 00 80 
00 03 bf 00 67 fa 5e 00 00 00 00 01 00 01 00 80 
00 03 7b 00 67 fa 5e 00 00 00 00 01 00 01 00 80 
00 03 99 00 67 fa 5e 00 00 00 00 01 00 01 00 80 
00 03 ae 00 67 fa 5e 00 00 00 00 01 00 01 00 80 
00 03 9b 00 67 fa 5e 00 00 00 00 01 00 01 00 80 
00 03 fc 00 67 fa 5e 00 00 00 00 01 00 01 00 80 
00 03 d8 00 67 fa 5e 00 00 00 00 01 00 01 00 80 
00 03 aa 00 67 fa 5e 00 00 00 00 01 00 01 00 80 
00 03 ae 00 67 fa 5e 00 00 00 00 01 00 01 00 80 
00 03 8a 00 67 fa 5e 00 00 00 00 01 00 01 00 80 
00 04 29 00 67 fa 5e 00 00 00 00 01 00 01 00 80 
00 03 b8 22 66 00 00 00 00 10 00 71 25 00 00 80 
00 04 4e 00 00 fa 44 00 00 6f 25 00 00 00 00 80 
00 03 ee 00 00 fa 44 00 00 6f 25 00 00 00 00 80 
00 03 bb 00 00 fa 44 00 00 6f 25 00 00 00 00 80 
00 03 eb 00 00 fa 44 00 00 6f 25 00 00 00 00 80 
00 03 c1 00 00 fa 44 00 00 6f 25 00 00 00 00 80 
00 03 88 00 00 fa 44 00 00 6f 25 00 00 00 00 80 
00 03 aa 00 00 fa 44 00 00 6f 25 00 00 00 00 80 
00 03 ac 00 00 fa 44 00 00 6f 25 00 00 00 00 80 
00 04 2b 00 00 fa 44 00 00 6f 25 00 00 00 00 80 
00 03 e1 00 00 fa 44 00 00 6f 25 00 00 00 00 80 
00 04 0b 00 00 fa 44 00 00 6f 25 00 00 00 00 80 
00 03 f2 00 00 fa 44 00 00 6f 25 00 00 00 00 80 
00 03 d6 00 00 fa 44 00 00 6f 25 00 00 00 00 80 
00 03 f8 00 00 fa 44 00 00 6f 25 00 00 00 00 80 
00 04 0d 00 00 fa 44 00 00 6f 25 00 00 00 00 80 
00 03 f4 00 00 fa 44 00 00 6f 25 00 00 00 00 80 
00 04 25 00 00 fa 44 00 00 6f 25 00 00 00 00 80 
00 03 f8 00 00 fa 44 00 00 6f 25 00 00 00 00 80 
00 03 c9 00 00 fa 44 00 00 6f 25 00 00 00 00 80 
00 03 d6 00 00 fa 44 00 00 6f 25 00 00 00 00 80 
00 03 74 00 00 fa 44 00 00 6f 25 00 00 00 00 80 
00 03 d2 00 00 fa 44 00 00 6f 25 00 00 00 00 80 
00 03 f2 00 00 fa 44 00 00 6f 25 00 00 00 00 80 
00 03 90 00 00 fa 44 00 00 6f 25 00 00 00 00 80 
00 03 bf 00 00 fa 44 00 00 6f 25 00 00 00 00 80 
00 03 eb 00 00 fa 44 00 00 6f 25 00 00 00 00 80 
00 03 3f 00 00 fa 44 00 00 6f 25 00 00 00 00 80 
00 03 c1 00 00 fa 44 00 00 6f 25 00 00 00 00 80 
00 03 d8 00 00 fa 44 00 00 6f 25 00 00 00 00 80 
00 03 da 00 00 fa 44 00 00 6f 25 00 00 00 00 80 
00 03 7d 00 00 fa 44 00 00 6f 25 00 00 00 00 80 
00 03 2b 00 00 fa 44 00 00 6f 25 00 00 00 00 80 
00 03 21 00 00 fa 44 00 00 6f 25 00 00 00 00 80 
00 03 96 00 00 fa 44 00 00 6f 25 00 00 00 00 80 
00 03 92 00 00 fa 44 00 00 6f 25 00 00 00 00 80 
00 03 8a 00 00 fa 44 00 00 6f 25 00 00 00 00 80 
00 03 90 00 00 fa 44 00 00 6f 25 00 00 00 00 80 
00 03 b0 00 00 fa 44 00 00 6f 25 00 00 00 00 80 
00 03 bf 00 00 fa 44 00 00 6f 25 00 00 00 00 80 
00 03 66 00 00 fa 44 00 00 6f 25 00 00 00 00 80 
00 03 a7 00 00 fa 44 00 00 6f 25 00 00 00 00 80 
00 04 07 00 00 fa 44 00 00 6f 25 00 00 00 00 80 
00 03 7f 00 00 fa 44 00 00 6f 25 00 00 00 00 80 
00 03 bb 00 00 fa 44 00 00 6f 25 00 00 00 00 80 
00 04 0b 00 00 fa 44 00 00 6f 25 00 00 00 00 80 
00 03 f6 00 00 fa 44 00 00 6f 25 00 00 00 00 80 
00 03 e3 00 00 fa 44 00 00 6f 25 00 00 00 00 80 
00 03 bf 00 00 fa 44 00 00 6f 25 00 00 00 00 80 
00 04 01 00 00 fa 44 00 00 6f 25 00 00 00 00 80 
00 03 c7 00 00 fa 44 00 00 6f 25 00 00 00 00 80 
00 03 bb 00 00 fa 44 00 00 6f 25 00 00 00 00 80 
00 03 8c 00 00 fa 44 00 00 6f 25 00 00 00 00 80 
00 04 21 00 00 fa 44 00 00 6f 25 00 00 00 00 80 
00 03 77 00 00 fa 44 00 00 6f 25 00 00 00 00 80 
00 04 07 00 00 fa 44 00 00 6f 25 00 00 00 00 80 
00 03 f4 00 00 fa 44 00 00 6f 25 00 00 00 00 80 
00 03 f6 00 00 fa 44 00 00 6f 25 00 00 00 00 80 
00 04 52 00 00 fa 44 00 00 6f 25 00 00 00 00 80 
00 03 b8 00 00 fa 44 00 00 6f 25 00 00 00 00 80 
00 03 e7 00 00 fa 44 00 00 6f 25 00 00 00 00 80 
00 04 0d 00 00 fa 44 00 00 6f 25 00 00 00 00 80 
00 03 f0 00 00 fa 44 00 00 6f 25 00 00 00 00 80 
00 03 90 00 00 fa 44 00 00 6f 25 00 00 00 00 80 
00 03 b0 00 00 fa 44 00 00 6f 25 00 00 00 00 80 
00 03 bb 00 00 fa 44 00 00 6f 25 00 00 00 00 80 
00 03 aa 00 00 fa 44 00 00 6f 25 00 00 00 00 80 
00 03 d4 00 00 fa 44 00 00 6f 25 00 00 00 00 80 
00 03 ee 00 00 fa 44 00 00 6f 25 00 00 00 00 80 
00 03 f4 00 00 fa 44 00 00 6f 25 00 00 00 00 80 
00 03 ee 00 00 fa 44 00 00 6f 25 00 00 00 00 80 
00 03 ee 00 00 fa 44 00 00 6f 25 00 00 00 00 80 
00 03 c5 00 00 fa 44 00 00 6f 25 00 00 00 00 80 
00 03 a5 00 00 fa 44 00 00 6f 25 00 00 00 00 80 
00 03 bf 00 00 fa 44 00 00 6f 25 00 00 00 00 80 
00 03 a1 00 00 fa 44 00 00 6f 25 00 00 00 00 80 
00 03 d8 00 00 fa 44 00 00 6f 25 00 00 00 00 80 
00 03 a5 00 00 fa 44 00 00 6f 25 00 00 00 00 80 
00 03 50 00 00 fa 44 00 00 6f 25 00 00 00 00 80 
00 03 39 00 00 fa 44 00 00 6f 25 00 00 00 00 80 
00 03 4e 00 00 fa 44 00 00 6f 25 00 00 00 00 80 
00 03 aa 00 00 fa 44 00 00 6f 25 00 00 00 00 80 
00 03 55 00 00 fa 44 00 00 6f 25 00 00 00 00 80 
00 03 a1 00 00 fa 44 00 00 6f 25 00 00 00 00 80 
00 03 83 00 00 fa 44 00 00 6f 25 00 00 00 00 80 
00 03 da 00 00 fa 44 00 00 6f 25 00 00 00 00 80 
00 03 9d 00 00 fa 44 00 00 6f 25 00 00 00 00 80 
00 03 d2 00 00 fa 44 00 00 6f 25 00 00 00 00 80 
00 03 e1 00 00 fa 44 00 00 6f 25 00 00 00 00 80 
00 03 ee 00 00 fa 44 00 00 6f 25 00 00 00 00 80 
00 03 b6 00 00 fa 44 00 00 6f 25 00 00 00 00 80 
00 03 83 00 00 fa 44 00 00 6f 25 00 00 00 00 80 
00 03 ac 00 00 fa 44 00 00 6f 25 00 00 00 00 80 
00 03 da 00 00 fa 44 00 00 6f 25 00 00 00 00 80 
00 03 e5 00 00 fa 44 00 00 6f 25 00 00 00 00 80 
00 03 f4 00 00 fa 44 00 00 6f 25 00 00 00 00 80 
00 03 8c 00 00 fa 44 00 00 6f 25 00 00 00 00 80 
00 03 ac 00 00 fa 44 00 00 6f 25 00 00 00 00 80 
00 03 9d 00 00 fa 44 00 00 6f 25 00 00 00 00 80 
00 03 52 00 00 fa 44 00 00 6f 25 00 00 00 00 80 
00 03 57 00 00 fa 44 00 00 6f 25 00 00 00 00 80 
00 03 72 00 00 fa 44 00 00 6f 25 00 00 00 00 80 
00 03 ae 00 00 fa 44 00 00 6f 25 00 00 00 00 80 
00 03 90 00 00 fa 44 00 00 6f 25 00 00 00 00 80 
00 03 a3 00 00 fa 44 00 00 6f 25 00 00 00 00 80 
00 03 f4 00 00 fa 44 00 00 6f 25 00 00 00 00 80 
00 03 b8 00 00 fa 44 00 00 6f 25 00 00 00 00 80 
00 03 90 00 00 fa 44 00 00 6f 25 00 00 00 00 80 
00 03 a7 00 00 fa 44 00 00 6f 25 00 00 00 00 80 
00 03 c3 00 00 fa 44 00 00 6f 25 00 00 00 00 80 
00 03 6a 00 00 fa 44 00 00 6f 25 00 00 00 00 80 
00 03 90 00 00 fa 44 00 00 6f 25 00 00 00 00 80 
00 03 a1 00 00 fa 44 00 00 6f 25 00 00 00 00 80 
00 03 ff 00 00 fa 44 00 00 6f 25 00 00 00 00 80 
00 03 c3 00 00 fa 44 00 00 6f 25 00 00 00 00 80 
00 03 bf 00 00 fa 44 00 00 6f 25 00 00 00 00 80 
00 03 90 00 00 fa 44 00 00 6f 25 00 00 00 00 80 
00 03 c5 00 00 fa 44 00 00 6f 25 00 00 00 00 80 
00 03 ac 00 00 fa 44 00 00 6f 25 00 00 00 00 80 
00 03 ae 00 00 fa 44 00 00 6f 25 00 00 00 00 80 
00 03 e9 00 00 fa 44 00 00 6f 25 00 00 00 00 80 
00 04 0d 00 00 fa 44 00 00 6f 25 00 00 00 00 80 
00 04 1c 00 00 fa 44 00 00 6f 25 00 00 00 00 80 
00 03 bf 00 00 fa 44 00 00 6f 25 00 00 00 00 80 
00 03 c5 00 00 fa 44 00 00 6f 25 00 00 00 00 80 
00 03 9f 00 00 fa 44 00 00 6f 25 00 00 00 00 80 
00 03 e5 00 00 fa 44 00 00 6f 25 00 00 00 00 80 
00 03 a7 00 00 fa 44 00 00 6f 25 00 00 00 00 80 
00 03 c9 00 00 fa 44 00 00 6f 25 00 00 00 00 80 
00 04 01 00 00 fa 44 00 00 6f 25 00 00 00 00 80 
00 03 8c 00 00 fa 44 00 00 6f 25 00 00 00 00 80 
00 03 81 00 00 fa 44 00 00 6f 25 00 00 00 00 80 
00 03 61 00 00 fa 44 00 00 6f 25 00 00 00 00 80 
00 03 7b 00 00 fa 44 00 00 6f 25 00 00 00 00 80 
00 03 6e 00 00 fa 44 00 00 6f 25 00 00 00 00 80 
00 03 96 00 00 fa 44 00 00 6f 25 00 00 00 00 80 
00 03 c1 00 00 fa 44 00 00 6f 25 00 00 00 00 80 
00 03 bf 00 00 fa 44 00 00 6f 25 00 00 00 00 80 
00 03 b8 00 00 fa 44 00 00 6f 25 00 00 00 00 80 
00 03 96 00 00 fa 44 00 00 6f 25 00 00 00 00 80 
00 03 e5 00 00 fa 44 00 00 6f 25 00 00 00 00 80 
00 03 a7 00 00 fa 44 00 00 6f 25 00 00 00 00 80 
00 03 d2 00 00 fa 44 00 00 6f 25 00 00 00 00 80 
00 03 7b 00 00 fa 44 00 00 6f 25 00 00 00 00 80 
00 03 66 00 00 fa 44 00 00 6f 25 00 00 00 00 80 
00 03 9d 00 00 fa 44 00 00 6f 25 00 00 00 00 80 
00 03 4c 00 00 fa 44 00 00 6f 25 00 00 00 00 80 
00 03 8e 00 00 fa 44 00 00 6f 25 00 00 00 00 80 
00 03 6c 00 00 fa 44 00 00 6f 25 00 00 00 00 80 
00 03 6a 00 00 fa 44 00 00 6f 25 00 00 00 00 80 
00 03 4e 00 00 fa 44 00 00 6f 25 00 00 00 00 80 
00 03 55 00 00 fa 44 00 00 6f 25 00 00 00 00 80 
00 03 61 00 00 fa 44 00 00 6f 25 00 00 00 00 80 
00 03 8a 00 00 fa 44 00 00 6f 25 00 00 00 00 80 
00 03 8c 00 00 fa 44 00 00 6f 25 00 00 00 00 80 
00 03 bb 00 00 fa 44 00 00 6f 25 00 00 00 00 80 
00 03 a7 00 00 fa 44 00 00 6f 25 00 00 00 00 80 
00 03 63 00 00 fa 44 00 00 6f 25 00 00 00 00 80 
00 03 7b 00 00 fa 44 00 00 6f 25 00 00 00 00 80 
00 03 41 00 00 fa 44 00 00 6f 25 00 00 00 00 80 
00 03 4a 00 00 fa 44 00 00 6f 25 00 00 00 00 80 
00 03 4e 00 00 fa 44 00 00 6f 25 00 00 00 00 80 
00 03 72 00 00 fa 44 00 00 6f 25 00 00 00 00 80 
00 03 94 00 00 fa 44 00 00 6f 25 00 00 00 00 80 
00 03 88 00 00 fa 44 00 00 6f 25 00 00 00 00 80 
00 03 ae 00 00 fa 44 00 00 6f 25 00 00 00 00 80 
00 03 b4 00 00 fa 44 00 00 6f 25 00 00 00 00 80 
00 03 50 00 00 fa 44 00 00 6f 25 00 00 00 00 80 
00 03 8e 00 00 fa 44 00 00 6f 25 00 00 00 00 80 
00 03 d0 00 00 fa 44 00 00 6f 25 00 00 00 00 80 
00 03 8c 00 00 fa 44 00 00 6f 25 00 00 00 00 80 
00 03 c7 00 00 fa 44 00 00 6f 25 00 00 00 00 80 
00 03 c9 00 00 fa 44 00 00 6f 25 00 00 00 00 80 
00 04 29 00 00 fa 44 00 00 6f 25 00 00 00 00 80 
00 04 0d 00 00 fa 44 00 00 6f 25 00 00 00 00 80 
00 04 09 00 00 fa 44 00 00 6f 25 00 00 00 00 80 
00 03 c7 00 00 fa 44 00 00 6f 25 00 00 00 00 80 
00 03 8e 00 00 fa 44 00 00 6f 25 00 00 00 00 80 
00 03 fa 00 00 fa 44 00 00 6f 25 00 00 00 00 80 
00 04 32 00 00 fa 44 00 00 6f 25 00 00 00 00 80 
00 03 d6 00 00 fa 44 00 00 6f 25 00 00 00 00 80 
00 04 27 00 00 fa 44 00 00 6f 25 00 00 00 00 80 
00 03 e3 00 00 fa 44 00 00 6f 25 00 00 00 00 80 
00 03 bf 00 00 fa 44 00 00 6f 25 00 00 00 00 80 
00 03 c3 00 00 fa 44 00 00 6f 25 00 00 00 00 80 
00 03 6a 00 00 fa 44 00 00 6f 25 00 00 00 00 80 
00 03 83 00 00 fa 44 00 00 6f 25 00 00 00 00 80 
00 03 70 00 00 fa 44 00 00 6f 25 00 00 00 00 80 
00 03 dd 00 00 fa 44 00 00 6f 25 00 00 00 00 80 
00 03 4a 00 00 fa 44 00 00 6f 25 00 00 00 00 80 
00 03 bf 00 00 fa 44 00 00 6f 25 00 00 00 00 80 
00 03 bb 00 00 fa 44 00 00 6f 25 00 00 00 00 80 
00 03 e3 00 00 fa 44 00 00 6f 25 00 00 00 00 80 
00 03 d0 00 00 fa 44 00 00 6f 25 00 00 00 00 80 
00 03 81 00 00 fa 44 00 00 6f 25 00 00 00 00 80 
00 03 bb 00 00 fa 44 00 00 6f 25 00 00 00 00 80 
00 03 bb 00 00 fa 44 00 00 6f 25 00 00 00 00 80 
00 03 b6 00 00 fa 44 00 00 6f 25 00 00 00 00 80 
00 03 d0 00 00 fa 44 00 00 6f 25 00 00 00 00 80 
00 03 b4 00 00 fa 44 00 00 6f 25 00 00 00 00 80 
00 03 e7 00 00 fa 44 00 00 6f 25 00 00 00 00 80 
00 03 e7 00 00 fa 44 00 00 6f 25 00 00 00 00 80 
00 03 d8 00 00 fa 44 00 00 6f 25 00 00 00 00 80 
00 03 99 00 00 fa 44 00 00 6f 25 00 00 00 00 80 
00 03 c9 00 00 fa 44 00 00 6f 25 00 00 00 00 80 
00 03 ce 00 00 fa 44 00 00 6f 25 00 00 00 00 80 
00 03 d2 00 00 fa 44 00 00 6f 25 00 00 00 00 80 
00 03 b4 00 00 fa 44 00 00 6f 25 00 00 00 00 80 
00 03 df 00 00 fa 44 00 00 6f 25 00 00 00 00 80 
00 03 83 00 00 fa 44 00 00 6f 25 00 00 00 00 80 
00 03 c9 00 00 fa 44 00 00 6f 25 00 00 00 00 80 
00 03 5f 00 00 fa 44 00 00 6f 25 00 00 00 00 80 
00 03 92 00 00 fa 44 00 00 6f 25 00 00 00 00 80 
00 03 96 00 00 fa 44 00 00 6f 25 00 00 00 00 80 
00 04 2b 00 00 9c 24 00 00 ff ff 0f 00 ee 24 80 
00 03 bd 00 00 a8 81 00 00 01 00 00 00 00 00 80 
00 03 d4 00 00 a8 81 00 00 01 00 00 00 00 00 80 
00 04 48 00 00 a8 81 00 00 01 00 00 00 00 00 80 
00 03 d6 00 00 a8 81 00 00 01 00 00 00 00 00 80 
00 03 83 00 00 a8 81 00 00 01 00 00 00 00 00 80 
00 03 37 00 00 a8 81 00 00 01 00 00 00 00 00 80 
00 03 57 00 00 a8 81 00 00 01 00 00 00 00 00 80 
00 03 90 00 00 a8 81 00 00 01 00 00 00 00 00 80 
00 03 e5 00 00 a8 81 00 00 01 00 00 00 00 00 80 
00 03 d6 00 00 a8 81 00 00 01 00 00 00 00 00 80 
00 03 b4 00 00 a8 81 00 00 01 00 00 00 00 00 80 
00 03 8c 00 00 a8 81 00 00 01 00 00 00 00 00 80 
00 03 b4 00 00 a8 81 00 00 01 00 00 00 00 00 80 
00 03 a1 00 00 a8 81 00 00 01 00 00 00 00 00 80 
00 03 a1 00 00 a8 81 00 00 01 00 00 00 00 00 80 
00 03 6e 00 00 a8 81 00 00 01 00 00 00 00 00 80 
00 03 63 00 00 a8 81 00 00 01 00 00 00 00 00 80 
00 03 c1 00 00 a8 81 00 00 01 00 00 00 00 00 80 
00 03 92 00 00 a8 81 00 00 01 00 00 00 00 00 80 
00 03 85 00 00 a8 81 00 00 01 00 00 00 00 00 80 
00 03 6c 00 00 a8 81 00 00 01 00 00 00 00 00 80 
00 03 ae 00 00 a8 81 00 00 01 00 00 00 00 00 80 
00 03 a3 00 00 a8 81 00 00 01 00 00 00 00 00 80 
00 03 96 00 00 a8 81 00 00 01 00 00 00 00 00 80 
00 03 72 00 00 a8 81 00 00 01 00 00 00 00 00 80 
00 03 c9 00 00 a8 81 00 00 01 00 00 00 00 00 80 
00 03 74 00 00 a8 81 00 00 01 00 00 00 00 00 80 
00 03 83 00 00 a8 81 00 00 01 00 00 00 00 00 80 
00 03 94 00 00 a8 81 00 00 01 00 00 00 00 00 80 
00 03 7f 00 00 a8 81 00 00 01 00 00 00 00 00 80 
00 03 9d 00 00 a8 81 00 00 01 00 00 00 00 00 80 
00 03 d8 00 00 a8 81 00 00 01 00 00 00 00 00 80 
00 04 23 00 00 a8 81 00 00 01 00 00 00 00 00 80 
00 03 eb 00 00 a8 81 00 00 01 00 00 00 00 00 80 
00 03 bd 00 00 a8 81 00 00 01 00 00 00 00 00 80 
00 03 b4 00 00 a8 81 00 00 01 00 00 00 00 00 80 
00 03 5d 00 00 a8 81 00 00 01 00 00 00 00 00 80 
00 03 3b 00 00 a8 81 00 00 01 00 00 00 00 00 80 
00 02 d8 00 00 a8 81 00 00 01 00 00 00 00 00 80 
00 03 5f 00 00 a8 81 00 00 01 00 00 00 00 00 80 
00 03 61 00 00 a8 81 00 00 01 00 00 00 00 00 80 
00 03 b6 00 00 a8 81 00 00 01 00 00 00 00 00 80 
00 03 a1 00 00 a8 81 00 00 01 00 00 00 00 00 80 
00 03 39 00 00 a8 81 00 00 01 00 00 00 00 00 80 
00 03 77 00 00 a8 81 00 00 01 00 00 00 00 00 80 
00 03 37 00 00 a8 81 00 00 01 00 00 00 00 00 80 
00 03 59 00 00 a8 81 00 00 01 00 00 00 00 00 80 
00 02 ee 00 00 a8 81 00 00 01 00 00 00 00 00 80 
00 03 07 00 00 a8 81 00 00 01 00 00 00 00 00 80 
00 03 12 00 00 a8 81 00 00 01 00 00 00 00 00 80 
00 03 27 00 00 a8 81 00 00 01 00 00 00 00 00 80 
00 03 50 00 00 a8 81 00 00 01 00 00 00 00 00 80 
00 03 41 00 00 a8 81 00 00 01 00 00 00 00 00 80 
00 03 66 00 00 a8 81 00 00 01 00 00 00 00 00 80 
00 03 ae 00 00 a8 81 00 00 01 00 00 00 00 00 80 
00 03 9d 00 00 a8 81 00 00 01 00 00 00 00 00 80 
00 03 2d 00 00 a8 81 00 00 01 00 00 00 00 00 80 
00 03 92 00 00 a8 81 00 00 01 00 00 00 00 00 80 
00 03 5b 00 00 a8 81 00 00 01 00 00 00 00 00 80 
00 03 8c 00 00 a8 81 00 00 01 00 00 00 00 00 80 
00 03 a5 00 00 a8 81 00 00 01 00 00 00 00 00 80 
00 03 f2 00 00 a8 81 00 00 01 00 00 00 00 00 80 
00 03 bd 00 00 a8 81 00 00 01 00 00 00 00 00 80 
00 03 a3 00 00 a8 81 00 00 01 00 00 00 00 00 80 
00 03 f2 00 00 a8 81 00 00 01 00 00 00 00 00 80 
00 03 a5 00 00 a8 81 00 00 01 00 00 00 00 00 80 
00 03 94 00 00 a8 81 00 00 01 00 00 00 00 00 80 
00 03 e9 00 00 a8 81 00 00 01 00 00 00 00 00 80 
00 03 c9 00 00 a8 81 00 00 01 00 00 00 00 00 80 
00 04 05 00 00 a8 81 00 00 01 00 00 00 00 00 80 
00 03 e3 00 00 a8 81 00 00 01 00 00 00 00 00 80 
00 03 fc 00 00 a8 81 00 00 01 00 00 00 00 00 80 
00 04 0b 00 00 a8 81 00 00 01 00 00 00 00 00 80 
00 04 29 00 00 a8 81 00 00 01 00 00 00 00 00 80 
00 03 b8 00 00 a8 81 00 00 01 00 00 00 00 00 80 
00 03 81 00 00 a8 81 00 00 01 00 00 00 00 00 80 
00 03 72 00 00 a8 81 00 00 01 00 00 00 00 00 80 
00 03 35 00 00 a8 81 00 00 01 00 00 00 00 00 80 
00 03 8c 00 00 a8 81 00 00 01 00 00 00 00 00 80 
00 03 5d 00 00 a8 81 00 00 01 00 00 00 00 00 80 
00 03 55 00 00 a8 81 00 00 01 00 00 00 00 00 80 
00 03 a7 00 00 a8 81 00 00 01 00 00 00 00 00 80 
00 03 35 00 00 a8 81 00 00 01 00 00 00 00 00 80 
00 03 85 00 00 a8 81 00 00 01 00 00 00 00 00 80 
00 03 7b 00 00 a8 81 00 00 01 00 00 00 00 00 80 
00 03 d6 00 00 a8 81 00 00 01 00 00 00 00 00 80 
00 03 8c 00 00 a8 81 00 00 01 00 00 00 00 00 80 
00 04 10 00 00 a8 81 00 00 01 00 00 00 00 00 80 
00 03 ce 00 00 a8 81 00 00 01 00 00 00 00 00 80 
00 04 10 00 00 a8 81 00 00 01 00 00 00 00 00 80 
00 03 ff 00 00 a8 81 00 00 01 00 00 00 00 00 80 
00 03 ae 00 00 a8 81 00 00 01 00 00 00 00 00 80 
00 03 92 00 00 a8 81 00 00 01 00 00 00 00 00 80 
00 03 a1 00 00 a8 81 00 00 01 00 00 00 00 00 80 
00 03 b0 00 00 a8 81 00 00 01 00 00 00 00 00 80 
00 03 d6 00 00 a8 81 00 00 01 00 00 00 00 00 80 
00 03 b6 00 00 a8 81 00 00 01 00 00 00 00 00 80 
00 03 d8 00 00 a8 81 00 00 01 00 00 00 00 00 80 
00 03 a1 00 00 a8 81 00 00 01 00 00 00 00 00 80 
00 03 eb 00 00 a8 81 00 00 01 00 00 00 00 00 80 
00 03 ae 00 00 a8 81 00 00 01 00 00 00 00 00 80 
00 03 e5 00 00 a8 81 00 00 01 00 00 00 00 00 80 
00 03 f8 00 00 a8 81 00 00 01 00 00 00 00 00 80 
00 03 ce 00 00 a8 81 00 00 01 00 00 00 00 00 80 
00 03 bf 00 00 a8 81 00 00 01 00 00 00 00 00 80 
00 03 44 00 00 a8 81 00 00 01 00 00 00 00 00 80 
00 03 eb 00 00 a8 81 00 00 01 00 00 00 00 00 80 
00 03 e1 00 00 a8 81 00 00 01 00 00 00 00 00 80 
00 04 1e 00 00 a8 81 00 00 01 00 00 00 00 00 80 
00 03 bd 00 00 a8 81 00 00 01 00 00 00 00 00 80 
00 03 a5 00 00 a8 81 00 00 01 00 00 00 00 00 80 
00 03 7b 00 00 a8 81 00 00 01 00 00 00 00 00 80 
00 03 d0 00 00 a8 81 00 00 01 00 00 00 00 00 80 
00 03 b8 00 00 a8 81 00 00 01 00 00 00 00 00 80 
00 03 b2 00 00 a8 81 00 00 01 00 00 00 00 00 80 
00 03 9d 00 00 a8 81 00 00 01 00 00 00 00 00 80 
00 03 b6 00 00 a8 81 00 00 01 00 00 00 00 00 80 
00 03 92 00 00 a8 81 00 00 01 00 00 00 00 00 80 
00 03 96 00 00 a8 81 00 00 01 00 00 00 00 00 80 
00 03 8e 00 00 a8 81 00 00 01 00 00 00 00 00 80 
00 03 d2 00 00 a8 81 00 00 01 00 00 00 00 00 80 
00 03 6e 00 00 a8 81 00 00 01 00 00 00 00 00 80 
00 03 68 00 00 a8 81 00 00 01 00 00 00 00 00 80 
00 03 ae 00 00 a8 81 00 00 01 00 00 00 00 00 80 
00 03 b6 00 00 a8 81 00 00 01 00 00 00 00 00 80 
00 03 ee 00 00 a8 81 00 00 01 00 00 00 00 00 80 
00 03 d0 00 00 a8 81 00 00 01 00 00 00 00 00 80 
00 03 bf 00 00 a8 81 00 00 01 00 00 00 00 00 80 
00 03 74 00 00 a8 81 00 00 01 00 00 00 00 00 80 
00 03 aa 00 00 a8 81 00 00 01 00 00 00 00 00 80 
00 03 f4 00 00 a8 81 00 00 01 00 00 00 00 00 80 
00 03 88 00 00 a8 81 00 00 01 00 00 00 00 00 80 
00 03 70 00 00 a8 81 00 00 01 00 00 00 00 00 80 
00 03 a1 00 00 a8 81 00 00 01 00 00 00 00 00 80 
00 03 8e 00 00 a8 81 00 00 01 00 00 00 00 00 80 
00 03 a3 00 00 a8 81 00 00 01 00 00 00 00 00 80 
00 03 bf 00 00 a8 81 00 00 01 00 00 00 00 00 80 
00 03 aa 00 00 a8 81 00 00 01 00 00 00 00 00 80 
00 03 f8 00 00 a8 81 00 00 01 00 00 00 00 00 80 
00 03 dd 00 00 a8 81 00 00 01 00 00 00 00 00 80 
00 04 0d 00 00 a8 81 00 00 01 00 00 00 00 00 80 
00 03 81 00 00 a8 81 00 00 01 00 00 00 00 00 80 
00 03 d2 00 00 a8 81 00 00 01 00 00 00 00 00 80 
00 03 c3 00 00 a8 81 00 00 01 00 00 00 00 00 80 
00 03 8a 00 00 a8 81 00 00 01 00 00 00 00 00 80 
00 03 85 00 00 a8 81 00 00 01 00 00 00 00 00 80 
00 03 4c 00 00 a8 81 00 00 01 00 00 00 00 00 80 
00 03 39 00 00 a8 81 00 00 01 00 00 00 00 00 80 
00 03 7b 00 00 a8 81 00 00 01 00 00 00 00 00 80 
00 03 e9 00 00 a8 81 00 00 01 00 00 00 00 00 80 
00 03 52 00 00 a8 81 00 00 01 00 00 00 00 00 80 
00 03 da 00 00 a8 81 00 00 01 00 00 00 00 00 80 
00 03 85 00 00 a8 81 00 00 01 00 00 00 00 00 80 
00 03 7f 00 00 a8 81 00 00 01 00 00 00 00 00 80 
00 03 5b 00 00 a8 81 00 00 01 00 00 00 00 00 80 
00 03 ce 00 00 a8 81 00 00 01 00 00 00 00 00 80 
00 03 a5 00 00 a8 81 00 00 01 00 00 00 00 00 80 
00 03 a3 00 00 a8 81 00 00 01 00 00 00 00 00 80 
00 03 a1 00 00 a8 81 00 00 01 00 00 00 00 00 80 
00 03 72 00 00 a8 81 00 00 01 00 00 00 00 00 80 
00 03 ae 00 00 a8 81 00 00 01 00 00 00 00 00 80 
00 03 5f 00 00 a8 81 00 00 01 00 00 00 00 00 80 
00 03 cc 00 00 a8 81 00 00 01 00 00 00 00 00 80 
00 03 9f 00 00 a8 81 00 00 01 00 00 00 00 00 80 
00 03 6a 00 00 a8 81 00 00 01 00 00 00 00 00 80 
00 03 88 00 00 a8 81 00 00 01 00 00 00 00 00 80 
00 03 b6 00 00 a8 81 00 00 01 00 00 00 00 00 80 
00 03 bb 00 00 a8 81 00 00 01 00 00 00 00 00 80 
00 03 5f 00 00 a8 81 00 00 01 00 00 00 00 00 80 
00 03 d4 00 00 a8 81 00 00 01 00 00 00 00 00 80 
00 03 bb 00 00 a8 81 00 00 01 00 00 00 00 00 80 
00 03 d6 00 00 a8 81 00 00 01 00 00 00 00 00 80 
00 03 df 00 00 a8 81 00 00 01 00 00 00 00 00 80 
00 03 f6 00 00 a8 81 00 00 01 00 00 00 00 00 80 
00 04 50 00 00 a8 81 00 00 01 00 00 00 00 00 80 
00 03 d2 00 00 a8 81 00 00 01 00 00 00 00 00 80 
00 03 f8 00 00 a8 81 00 00 01 00 00 00 00 00 80 
00 03 e5 00 00 a8 81 00 00 01 00 00 00 00 00 80 
00 03 bb 00 00 a8 81 00 00 01 00 00 00 00 00 80 
00 03 3d 00 00 a8 81 00 00 01 00 00 00 00 00 80 
00 03 66 00 00 a8 81 00 00 01 00 00 00 00 00 80 
00 03 f2 00 00 a8 81 00 00 01 00 00 00 00 00 80 
00 03 cc 00 00 a8 81 00 00 01 00 00 00 00 00 80 
00 03 c5 00 00 a8 81 00 00 01 00 00 00 00 00 80 
00 03 46 00 00 a8 81 00 00 01 00 00 00 00 00 80 
00 03 79 00 00 a8 81 00 00 01 00 00 00 00 00 80 
00 03 c3 00 00 a8 81 00 00 01 00 00 00 00 00 80 
00 03 c3 00 00 a8 81 00 00 01 00 00 00 00 00 80 
00 03 88 00 00 a8 81 00 00 01 00 00 00 00 00 80 
00 03 6a 00 00 a8 81 00 00 01 00 00 00 00 00 80 
00 03 8e 00 00 a8 81 00 00 01 00 00 00 00 00 80 
00 03 9f 00 00 a8 81 00 00 01 00 00 00 00 00 80 
00 03 63 00 00 a8 81 00 00 01 00 00 00 00 00 80 
00 03 52 00 00 a8 81 00 00 01 00 00 00 00 00 80 
00 03 6c 00 00 a8 81 00 00 01 00 00 00 00 00 80 
00 03 8c 00 00 a8 81 00 00 01 00 00 00 00 00 80 
00 03 9f 00 00 a8 81 00 00 01 00 00 00 00 00 80 
00 03 b2 00 00 a8 81 00 00 01 00 00 00 00 00 80 
00 03 bf 00 00 a8 81 00 00 01 00 00 00 00 00 80 
00 03 74 00 00 a8 81 00 00 01 00 00 00 00 00 80 
00 03 4a 00 00 a8 81 00 00 01 00 00 00 00 00 80 
00 03 9d 00 00 a8 81 00 00 01 00 00 00 00 00 80 
00 03 99 00 00 a8 81 00 00 01 00 00 00 00 00 80 
00 03 83 00 00 a8 81 00 00 01 00 00 00 00 00 80 
00 03 92 00 00 a8 81 00 00 01 00 00 00 00 00 80 
00 03 8a 00 00 a8 81 00 00 01 00 00 00 00 00 80 
00 03 a7 00 00 a8 81 00 00 01 00 00 00 00 00 80 
00 03 b4 00 00 a8 81 00 00 01 00 00 00 00 00 80 
00 03 d0 00 00 a8 81 00 00 01 00 00 00 00 00 80 
00 03 b8 00 00 a8 81 00 00 01 00 00 00 00 00 80 
00 03 72 00 00 a8 81 00 00 01 00 00 00 00 00 80 
00 03 88 00 00 a8 81 00 00 01 00 00 00 00 00 80 
00 03 b4 00 00 a8 81 00 00 01 00 00 00 00 00 80 
00 03 7d 00 00 a8 81 00 00 01 00 00 00 00 00 80 
00 03 9f 00 00 a8 81 00 00 01 00 00 00 00 00 80 
00 03 c1 00 00 a8 81 00 00 01 00 00 00 00 00 80 
00 03 8a 00 00 a8 81 00 00 01 00 00 00 00 00 80 
00 04 14 00 00 a8 81 00 00 01 00 00 00 00 00 80 
00 03 ac 00 00 a8 81 00 00 01 00 00 00 00 00 80 
00 03 e5 00 00 a8 81 00 00 01 00 00 00 00 00 80 
00 03 da 00 00 a8 81 00 00 01 00 00 00 00 00 80 
00 03 c9 00 00 a8 81 00 00 01 00 00 00 00 00 80 
00 03 f8 00 00 a8 81 00 00 01 00 00 00 00 00 80 
00 04 07 00 00 a8 81 00 00 01 00 00 00 00 00 80 
00 03 f4 00 00 a8 81 00 00 01 00 00 00 00 00 80 
00 03 8a 00 00 a8 81 00 00 01 00 00 00 00 00 80 
00 04 0d 00 00 a8 81 00 00 01 00 00 00 00 00 80 
00 03 c3 00 00 a8 81 00 00 01 00 00 00 00 00 80 
00 03 d0 00 00 a8 81 00 00 01 00 00 00 00 00 80 
00 03 c7 00 00 a8 81 00 00 01 00 00 00 00 00 80 
00 04 14 00 00 a8 81 00 00 01 00 00 00 00 00 80 
00 03 eb 00 00 a8 81 00 00 01 00 00 00 00 00 80 
00 03 bb 00 00 a8 81 00 00 01 00 00 00 00 00 80 
00 03 ce 00 00 a8 81 00 00 01 00 00 00 00 00 80 
00 03 b6 00 00 a8 81 00 00 01 00 00 00 00 00 80 
00 03 52 00 00 a8 81 00 00 01 00 00 00 00 00 80 
00 03 b0 00 00 a8 81 00 00 01 00 00 00 00 00 80 
00 03 b8 00 00 a8 81 00 00 01 00 00 00 00 00 80 
00 03 92 00 00 a8 81 00 00 01 00 00 00 00 00 80 
00 03 bd 00 00 a8 81 00 00 01 00 00 00 00 00 80 
00 04 18 00 00 a8 81 00 00 01 00 00 00 00 00 80 
00 03 b6 00 00 a8 81 00 00 01 00 00 00 00 00 80 
00 03 b6 00 00 a8 81 00 00 01 00 00 00 00 00 80 
00 03 d4 00 00 a8 81 00 00 01 00 00 00 00 00 80 
00 03 9f 00 00 a8 81 00 00 01 00 00 00 00 00 80 
00 04 07 00 00 a8 81 00 00 01 00 00 00 00 00 80 
00 03 c3 00 00 a8 81 00 00 01 00 00 00 00 00 80 
00 03 f2 00 00 a8 81 00 00 01 00 00 00 00 00 80 
00 04 21 00 00 a8 81 00 00 01 00 00 00 00 00 80 
00 03 c1 00 00 a8 81 00 00 01 00 00 00 00 00 80 
00 03 f6 00 00 a8 81 00 00 01 00 00 00 00 00 80 
00 03 dd 00 00 a8 81 00 00 01 00 00 00 00 00 80 
00 04 01 00 00 a8 81 00 00 01 00 00 00 00 00 80 
00 03 dd 00 00 a8 81 00 00 01 00 00 00 00 00 80 
00 03 74 00 00 a8 81 00 00 01 00 00 00 00 00 80 
00 04 32 00 00 a8 81 00 00 01 00 00 00 00 00 80 
00 03 88 00 00 a8 81 00 00 01 00 00 00 00 00 80 
00 04 3e 00 00 a8 81 00 00 01 00 00 00 00 00 80 
00 03 85 00 00 a8 81 00 00 01 00 00 00 00 00 80 
00 03 9f 00 00 a8 81 00 00 01 00 00 00 00 00 80 
00 03 aa 00 00 a8 81 00 00 01 00 00 00 00 00 80 
00 03 b4 00 00 a8 81 00 00 01 00 00 00 00 00 80 
00 03 94 00 00 a8 81 00 00 01 00 00 00 00 00 80 
00 03 eb 00 00 a8 81 00 00 01 00 00 00 00 00 80 
00 03 d6 00 00 a8 81 00 00 01 00 00 00 00 00 80 
00 03 aa 00 00 a8 81 00 00 01 00 00 00 00 00 80 
00 03 c3 00 00 a8 81 00 00 01 00 00 00 00 00 80 
00 03 eb 00 00 a8 81 00 00 01 00 00 00 00 00 80 
00 04 07 00 00 a8 81 00 00 01 00 00 00 00 00 80 
00 03 a3 00 00 a8 81 00 00 01 00 00 00 00 00 80 
00 03 fa 00 00 a8 81 00 00 01 00 00 00 00 00 80 
00 03 9d 00 00 a8 81 00 00 01 00 00 00 00 00 80 
00 03 f8 00 00 a8 81 00 00 01 00 00 00 00 00 80 
00 03 df 00 00 a8 81 00 00 01 00 00 00 00 00 80 
00 03 a5 00 00 a8 81 00 00 01 00 00 00 00 00 80 
00 03 d8 00 00 a8 81 00 00 01 00 00 00 00 00 80 
00 03 85 00 00 a8 81 00 00 01 00 00 00 00 00 80 
00 03 a5 00 00 a8 81 00 00 01 00 00 00 00 00 80 
00 03 6e 00 00 a8 81 00 00 01 00 00 00 00 00 80 
00 03 e9 00 00 a8 81 00 00 01 00 00 00 00 00 80 
00 03 d2 00 00 a8 81 00 00 01 00 00 00 00 00 80 
00 03 e5 00 00 a8 81 00 00 01 00 00 00 00 00 80 
00 04 0b 00 00 a8 81 00 00 01 00 00 00 00 00 80 
00 04 18 00 00 a8 81 00 00 01 00 00 00 00 00 80 
00 03 ae 00 00 a8 81 00 00 01 00 00 00 00 00 80 
00 03 a7 00 00 a8 81 00 00 01 00 00 00 00 00 80 
00 03 bb 00 00 a8 81 00 00 01 00 00 00 00 00 80 
00 04 07 00 00 a8 81 00 00 01 00 00 00 00 00 80 
00 03 d4 00 00 a8 81 00 00 01 00 00 00 00 00 80 
00 04 09 00 00 a8 81 00 00 01 00 00 00 00 00 80 
00 03 e5 00 00 a8 81 00 00 01 00 00 00 00 00 80 
00 04 0d 00 00 a8 81 00 00 01 00 00 00 00 00 80 
00 03 e3 00 00 a8 81 00 00 01 00 00 00 00 00 80 
00 03 a7 00 00 a8 81 00 00 01 00 00 00 00 00 80 
00 03 da 00 00 a8 81 00 00 01 00 00 00 00 00 80 
00 03 b6 00 00 a8 81 00 00 01 00 00 00 00 00 80 
00 03 7d 00 00 a8 81 00 00 01 00 00 00 00 00 80 
00 03 4a 00 00 a8 81 00 00 01 00 00 00 00 00 80 
00 03 18 00 00 a8 81 00 00 01 00 00 00 00 00 80 
00 03 88 00 00 a8 81 00 00 01 00 00 00 00 00 80 
00 03 57 00 00 a8 81 00 00 01 00 00 00 00 00 80 
00 03 25 00 00 a8 81 00 00 01 00 00 00 00 00 80 
00 03 46 00 00 a8 81 00 00 01 00 00 00 00 00 80 
00 03 72 00 00 a8 81 00 00 01 00 00 00 00 00 80 
00 03 88 00 00 a8 81 00 00 01 00 00 00 00 00 80 
00 03 83 00 00 a8 81 00 00 01 00 00 00 00 00 80 
00 04 12 00 00 a8 81 00 00 01 00 00 00 00 00 80 
00 03 d8 00 00 a8 81 00 00 01 00 00 00 00 00 80 
00 04 14 00 00 a8 81 00 00 01 00 00 00 00 00 80 
00 03 da 00 00 a8 81 00 00 01 00 00 00 00 00 80 
00 03 85 00 00 a8 81 00 00 01 00 00 00 00 00 80 
00 03 aa 00 00 a8 81 00 00 01 00 00 00 00 00 80 
00 03 4a 00 00 a8 81 00 00 01 00 00 00 00 00 80 
00 03 5f 00 00 a8 81 00 00 01 00 00 00 00 00 80 
00 03 9d 00 00 a8 81 00 00 01 00 00 00 00 00 80 
00 03 ac 00 00 a8 81 00 00 01 00 00 00 00 00 80 
00 03 da 00 00 a8 81 00 00 01 00 00 00 00 00 80 
00 03 b0 00 00 a8 81 00 00 01 00 00 00 00 00 80 
00 03 8e 00 00 a8 81 00 00 01 00 00 00 00 00 80 
00 03 5d 00 00 a8 81 00 00 01 00 00 00 00 00 80 
00 03 88 00 00 a8 81 00 00 01 00 00 00 00 00 80 
00 03 99 00 00 a8 81 00 00 01 00 00 00 00 00 80 
00 03 b4 00 00 a8 81 00 00 01 00 00 00 00 00 80 
00 03 e3 00 00 a8 81 00 00 01 00 00 00 00 00 80 
00 03 b0 00 00 a8 81 00 00 01 00 00 00 00 00 80 
00 04 01 00 00 a8 81 00 00 01 00 00 00 00 00 80 
00 03 e9 00 00 a8 81 00 00 01 00 00 00 00 00 80 
00 03 96 00 00 a8 81 00 00 01 00 00 00 00 00 80 
00 03 a7 00 00 a8 81 00 00 01 00 00 00 00 00 80 
00 03 41 00 00 a8 81 00 00 01 00 00 00 00 00 80 
00 03 63 00 00 a8 81 00 00 01 00 00 00 00 00 80 
00 03 8e 00 00 a8 81 00 00 01 00 00 00 00 00 80 
00 03 9d 00 00 a8 81 00 00 01 00 00 00 00 00 80 
00 03 a7 00 00 a8 81 00 00 01 00 00 00 00 00 80 
00 03 70 00 00 a8 81 00 00 01 00 00 00 00 00 80 
00 03 b0 00 00 a8 81 00 00 01 00 00 00 00 00 80 
00 03 90 00 00 a8 81 00 00 01 00 00 00 00 00 80 
00 03 8e 00 00 a8 81 00 00 01 00 00 00 00 00 80 
00 03 94 00 00 36 70 00 00 ee 24 00 00 9c 24 80 
00 03 94 00 00 00 00 00 00 05 00 00 00 01 00 80 
00 03 83 00 00 00 00 00 00 05 00 00 00 01 00 80 
00 03 8a 00 00 00 00 00 00 05 00 00 00 01 00 80 
00 03 f8 00 00 00 00 00 00 05 00 00 00 01 00 80 
00 04 36 00 00 00 00 00 00 05 00 00 00 01 00 80 
00 03 f8 00 00 00 00 00 00 05 00 00 00 01 00 80 
00 04 4c 00 00 00 00 00 00 05 00 00 00 01 00 80 
00 03 e7 00 00 00 00 00 00 05 00 00 00 01 00 80 
00 03 dd 00 00 00 00 00 00 05 00 00 00 01 00 80 
00 03 a5 00 00 00 00 00 00 05 00 00 00 01 00 80 
00 03 3f 00 00 00 00 00 00 05 00 00 00 01 00 80 
00 03 4c 00 00 00 00 00 00 05 00 00 00 01 00 80 
00 03 7d 00 00 00 00 00 00 05 00 00 00 01 00 80 
00 03 90 00 00 00 00 00 00 05 00 00 00 01 00 80 
00 03 ae 00 00 00 00 00 00 05 00 00 00 01 00 80 
00 03 8a 00 00 00 00 00 00 05 00 00 00 01 00 80 
00 03 59 00 00 00 00 00 00 05 00 00 00 01 00 80 
00 03 7b 00 00 00 00 00 00 05 00 00 00 01 00 80 
00 03 52 00 00 00 00 00 00 05 00 00 00 01 00 80 
00 03 74 00 00 00 00 00 00 05 00 00 00 01 00 80 
00 03 7b 00 00 00 00 00 00 05 00 00 00 01 00 80 
00 03 9f 00 00 00 00 00 00 05 00 00 00 01 00 80 
00 03 6e 00 00 00 00 00 00 05 00 00 00 01 00 80 
00 03 ac 00 00 00 00 00 00 05 00 00 00 01 00 80 
00 03 a3 00 00 00 00 00 00 05 00 00 00 01 00 80 
00 03 9b 00 00 00 00 00 00 05 00 00 00 01 00 80 
00 04 18 00 00 00 00 00 00 05 00 00 00 01 00 80 
00 03 f0 00 00 00 00 00 00 05 00 00 00 01 00 80 
00 03 b8 00 00 00 00 00 00 05 00 00 00 01 00 80 
00 03 a7 00 00 00 00 00 00 05 00 00 00 01 00 80 
00 03 b0 00 00 00 00 00 00 05 00 00 00 01 00 80 
00 03 c9 00 00 00 00 00 00 05 00 00 00 01 00 80 
00 03 96 00 00 00 00 00 00 05 00 00 00 01 00 80 
00 03 c7 00 00 00 00 00 00 05 00 00 00 01 00 80 
00 03 c1 00 00 00 00 00 00 05 00 00 00 01 00 80 
00 03 bd 00 00 00 00 00 00 05 00 00 00 01 00 80 
00 03 d8 00 00 00 00 00 00 05 00 00 00 01 00 80 
00 03 d0 00 00 00 00 00 00 05 00 00 00 01 00 80 
00 03 c5 00 00 00 00 00 00 05 00 00 00 01 00 80 
00 03 eb 00 00 00 00 00 00 05 00 00 00 01 00 80 
00 03 e3 00 00 00 00 00 00 05 00 00 00 01 00 80 
00 03 b0 00 00 00 00 00 00 05 00 00 00 01 00 80 
00 04 10 00 00 00 00 00 00 05 00 00 00 01 00 80 
00 03 e9 00 00 00 00 00 00 05 00 00 00 01 00 80 
00 03 bf 00 00 00 00 00 00 05 00 00 00 01 00 80 
00 03 1e 00 00 00 00 00 00 05 00 00 00 01 00 80 
00 03 90 00 00 00 00 00 00 05 00 00 00 01 00 80 
00 03 7f 00 00 00 00 00 00 05 00 00 00 01 00 80 
00 03 f2 00 00 00 00 00 00 05 00 00 00 01 00 80 
00 04 3e 00 00 00 00 00 00 05 00 00 00 01 00 80 
00 03 ff 00 00 00 00 00 00 05 00 00 00 01 00 80 
00 03 aa 00 00 00 00 00 00 05 00 00 00 01 00 80 
00 03 cc 00 00 00 00 00 00 05 00 00 00 01 00 80 
00 04 32 00 00 00 00 00 00 05 00 00 00 01 00 80 
00 03 d8 00 00 00 00 00 00 05 00 00 00 01 00 80 
00 03 94 00 00 00 00 00 00 05 00 00 00 01 00 80 
00 03 b0 00 00 00 00 00 00 05 00 00 00 01 00 80 
00 03 9d 00 00 00 00 00 00 05 00 00 00 01 00 80 
00 03 7b 00 00 00 00 00 00 05 00 00 00 01 00 80 
00 03 85 00 00 00 00 00 00 05 00 00 00 01 00 80 
00 03 aa 00 00 00 00 00 00 05 00 00 00 01 00 80 
00 03 bb 00 00 00 00 00 00 05 00 00 00 01 00 80 
00 03 9d 00 00 00 00 00 00 05 00 00 00 01 00 80 
00 03 b4 00 00 00 00 00 00 05 00 00 00 01 00 80 
00 03 e7 00 00 00 00 00 00 05 00 00 00 01 00 80 
00 04 01 00 00 00 00 00 00 05 00 00 00 01 00 80 
00 04 09 00 00 00 00 00 00 05 00 00 00 01 00 80 
00 04 74 00 00 00 00 00 00 05 00 00 00 01 00 80 
00 03 dd 00 00 00 00 00 00 05 00 00 00 01 00 80 
00 04 07 00 00 00 00 00 00 05 00 00 00 01 00 80 
00 03 d6 00 00 00 00 00 00 05 00 00 00 01 00 80 
00 03 e9 00 00 00 00 00 00 05 00 00 00 01 00 80 
00 03 e9 00 00 00 00 00 00 05 00 00 00 01 00 80 
00 04 10 00 00 00 00 00 00 05 00 00 00 01 00 80 
00 04 0b 00 00 00 00 00 00 05 00 00 00 01 00 80 
00 03 bf 00 00 00 00 00 00 05 00 00 00 01 00 80 
00 04 01 00 00 00 00 00 00 05 00 00 00 01 00 80 
00 04 07 00 00 00 00 00 00 05 00 00 00 01 00 80 
00 03 f0 00 00 00 00 00 00 05 00 00 00 01 00 80 
00 03 e1 00 00 00 00 00 00 05 00 00 00 01 00 80 
00 03 e3 00 00 00 00 00 00 05 00 00 00 01 00 80 
00 04 10 00 00 00 00 00 00 05 00 00 00 01 00 80 
00 03 ff 00 00 00 00 00 00 05 00 00 00 01 00 80 
00 03 c5 00 00 00 00 00 00 05 00 00 00 01 00 80 
00 04 3c 00 00 00 00 00 00 05 00 00 00 01 00 80 
00 03 f8 00 00 00 00 00 00 05 00 00 00 01 00 80 
00 03 bf 00 00 00 00 00 00 05 00 00 00 01 00 80 
00 03 d0 00 00 00 00 00 00 05 00 00 00 01 00 80 
00 03 79 00 00 00 00 00 00 05 00 00 00 01 00 80 
00 03 cc 00 00 00 00 00 00 05 00 00 00 01 00 80 
00 03 c3 00 00 00 00 00 00 05 00 00 00 01 00 80 
00 04 2f 00 00 00 00 00 00 05 00 00 00 01 00 80 
00 03 df 00 00 00 00 00 00 05 00 00 00 01 00 80 
00 03 c7 00 00 00 00 00 00 05 00 00 00 01 00 80 
00 03 b6 00 00 00 00 00 00 05 00 00 00 01 00 80 
00 03 a1 00 00 00 00 00 00 05 00 00 00 01 00 80 
00 03 46 00 00 00 00 00 00 05 00 00 00 01 00 80 
00 03 81 00 00 00 00 00 00 05 00 00 00 01 00 80 
00 03 8c 00 00 00 00 00 00 05 00 00 00 01 00 80 
00 03 df 00 00 00 00 00 00 05 00 00 00 01 00 80 
00 03 b8 00 00 00 00 00 00 05 00 00 00 01 00 80 
00 04 36 00 00 00 00 00 00 05 00 00 00 01 00 80 
00 04 10 00 00 00 00 00 00 05 00 00 00 01 00 80 
00 03 d0 00 00 00 00 00 00 05 00 00 00 01 00 80 
00 03 fa 00 00 00 00 00 00 05 00 00 00 01 00 80 
00 04 01 00 00 00 00 00 00 05 00 00 00 01 00 80 
00 03 cc 00 00 00 00 00 00 05 00 00 00 01 00 80 
00 03 ce 00 00 00 00 00 00 05 00 00 00 01 00 80 
00 03 ac 00 00 00 00 00 00 05 00 00 00 01 00 80 
00 03 a1 00 00 00 00 00 00 05 00 00 00 01 00 80 
00 03 a3 00 00 00 00 00 00 05 00 00 00 01 00 80 
00 03 70 00 00 00 00 00 00 05 00 00 00 01 00 80 
00 03 ae 00 00 00 00 00 00 05 00 00 00 01 00 80 
00 03 aa 00 00 00 00 00 00 05 00 00 00 01 00 80 
00 03 9f 00 00 00 00 00 00 05 00 00 00 01 00 80 
00 03 dd 00 00 00 00 00 00 05 00 00 00 01 00 80 
00 03 9b 00 00 00 00 00 00 05 00 00 00 01 00 80 
00 03 aa 00 00 00 00 00 00 05 00 00 00 01 00 80 
00 04 09 00 00 00 00 00 00 05 00 00 00 01 00 80 
00 04 10 00 00 00 00 00 00 05 00 00 00 01 00 80 
00 03 b4 00 00 00 00 00 00 05 00 00 00 01 00 80 
00 03 b4 00 00 00 00 00 00 05 00 00 00 01 00 80 
00 04 38 00 00 00 00 00 00 05 00 00 00 01 00 80 
00 03 dd 00 00 00 00 00 00 05 00 00 00 01 00 80 
00 03 df 00 00 00 00 00 00 05 00 00 00 01 00 80 
00 04 09 00 00 00 00 00 00 05 00 00 00 01 00 80 
00 04 09 00 00 00 00 00 00 05 00 00 00 01 00 80 
00 03 c5 00 00 00 00 00 00 05 00 00 00 01 00 80 
00 03 88 00 00 00 00 00 00 05 00 00 00 01 00 80 
00 03 88 00 00 00 00 00 00 05 00 00 00 01 00 80 
00 03 59 00 00 00 00 00 00 05 00 00 00 01 00 80 
00 03 68 00 00 00 00 00 00 05 00 00 00 01 00 80 
00 03 96 00 00 00 00 00 00 05 00 00 00 01 00 80 
00 03 c7 00 00 00 00 00 00 05 00 00 00 01 00 80 
00 03 8a 00 00 00 00 00 00 05 00 00 00 01 00 80 
00 03 cc 00 00 00 00 00 00 05 00 00 00 01 00 80 
00 03 dd 00 00 00 00 00 00 05 00 00 00 01 00 80 
00 03 83 00 00 00 00 00 00 05 00 00 00 01 00 80 
00 03 2f 00 00 00 00 00 00 05 00 00 00 01 00 80 
00 03 b2 00 00 00 00 00 00 05 00 00 00 01 00 80 
00 03 bf 00 00 00 00 00 00 05 00 00 00 01 00 80 
00 03 c1 00 00 00 00 00 00 05 00 00 00 01 00 80 
00 03 8a 00 00 00 00 00 00 05 00 00 00 01 00 80 
00 03 61 00 00 00 00 00 00 05 00 00 00 01 00 80 
00 03 d2 00 00 00 00 00 00 05 00 00 00 01 00 80 
00 03 79 00 00 00 00 00 00 05 00 00 00 01 00 80 
00 03 c7 00 00 00 00 00 00 05 00 00 00 01 00 80 
00 03 96 00 00 00 00 00 00 05 00 00 00 01 00 80 
00 03 dd 00 00 00 00 00 00 05 00 00 00 01 00 80 
00 03 ce 00 00 00 00 00 00 05 00 00 00 01 00 80 
00 03 81 00 00 00 00 00 00 05 00 00 00 01 00 80 
00 03 66 00 00 00 00 00 00 05 00 00 00 01 00 80 
00 03 92 00 00 00 00 00 00 05 00 00 00 01 00 80 
00 04 10 00 00 00 00 00 00 05 00 00 00 01 00 80 
00 03 f4 00 00 00 00 00 00 05 00 00 00 01 00 80 
00 03 c7 00 00 00 00 00 00 05 00 00 00 01 00 80 
00 03 c9 00 00 00 00 00 00 05 00 00 00 01 00 80 
00 03 b2 00 00 00 00 00 00 05 00 00 00 01 00 80 
00 04 14 00 00 00 00 00 00 05 00 00 00 01 00 80 
00 03 ae 00 00 00 00 00 00 05 00 00 00 01 00 80 
00 03 f8 00 00 00 00 00 00 05 00 00 00 01 00 80 
00 03 e9 00 00 00 00 00 00 05 00 00 00 01 00 80 
00 03 e3 00 00 00 00 00 00 05 00 00 00 01 00 80 
00 03 88 00 00 00 00 00 00 05 00 00 00 01 00 80 
00 03 b2 00 00 00 00 00 00 05 00 00 00 01 00 80 
00 03 7b 00 00 00 00 00 00 05 00 00 00 01 00 80 
00 03 9b 00 00 00 00 00 00 05 00 00 00 01 00 80 
00 03 d4 00 00 00 00 00 00 05 00 00 00 01 00 80 
00 04 03 00 00 00 00 00 00 05 00 00 00 01 00 80 
00 04 03 00 00 00 00 00 00 05 00 00 00 01 00 80 
00 03 ff 00 00 00 00 00 00 05 00 00 00 01 00 80 
00 04 01 00 00 00 00 00 00 05 00 00 00 01 00 80 
00 03 c7 00 00 00 00 00 00 05 00 00 00 01 00 80 
00 03 c9 00 00 00 00 00 00 05 00 00 00 01 00 80 
00 03 a7 00 00 00 00 00 00 05 00 00 00 01 00 80 
00 03 e1 00 00 00 00 00 00 05 00 00 00 01 00 80 
00 03 bf 00 00 00 00 00 00 05 00 00 00 01 00 80 
00 03 85 00 00 00 00 00 00 05 00 00 00 01 00 80 
00 03 9d 00 00 00 00 00 00 05 00 00 00 01 00 80 
00 03 81 00 00 00 00 00 00 05 00 00 00 01 00 80 
00 03 7f 00 00 00 00 00 00 05 00 00 00 01 00 80 
00 04 01 00 00 00 00 00 00 05 00 00 00 01 00 80 
00 03 9d 00 00 00 00 00 00 05 00 00 00 01 00 80 
00 03 a5 00 00 00 00 00 00 05 00 00 00 01 00 80 
00 03 c9 00 00 00 00 00 00 05 00 00 00 01 00 80 
00 04 38 00 00 00 00 00 00 05 00 00 00 01 00 80 
00 03 92 00 00 00 00 00 00 05 00 00 00 01 00 80 
00 03 46 00 00 00 00 00 00 05 00 00 00 01 00 80 
00 03 46 00 00 00 00 00 00 05 00 00 00 01 00 80 
00 03 68 00 00 00 00 00 00 05 00 00 00 01 00 80 
00 03 63 00 00 00 00 00 00 05 00 00 00 01 00 80 
00 03 85 00 00 00 00 00 00 05 00 00 00 01 00 80 
00 03 a1 00 00 00 00 00 00 05 00 00 00 01 00 80 
00 04 05 00 00 00 00 00 00 05 00 00 00 01 00 80 
00 03 9f 00 00 00 00 00 00 05 00 00 00 01 00 80 
00 03 96 00 00 00 00 00 00 05 00 00 00 01 00 80 
00 03 c3 00 00 00 00 00 00 05 00 00 00 01 00 80 
00 03 90 00 00 00 00 00 00 05 00 00 00 01 00 80 
00 03 d4 00 00 00 00 00 00 05 00 00 00 01 00 80 
00 03 88 00 00 00 00 00 00 05 00 00 00 01 00 80 
00 03 9b 00 00 00 00 00 00 05 00 00 00 01 00 80 
00 03 68 00 00 00 00 00 00 05 00 00 00 01 00 80 
00 03 72 00 00 00 00 00 00 05 00 00 00 01 00 80 
00 03 4c 00 00 00 00 00 00 05 00 00 00 01 00 80 
00 03 8e 00 00 00 00 00 00 05 00 00 00 01 00 80 
00 03 27 00 00 00 00 00 00 05 00 00 00 01 00 80 
00 03 6a 00 00 00 00 00 00 05 00 00 00 01 00 80 
00 03 b8 00 00 00 00 00 00 05 00 00 00 01 00 80 
00 03 8e 00 00 00 00 00 00 05 00 00 00 01 00 80 
00 03 9f 00 00 00 00 00 00 05 00 00 00 01 00 80 
00 03 d8 00 00 00 00 00 00 05 00 00 00 01 00 80 
00 03 96 00 00 00 00 00 00 05 00 00 00 01 00 80 
00 03 61 00 00 00 00 00 00 05 00 00 00 01 00 80 
00 03 3d 00 00 00 00 00 00 05 00 00 00 01 00 80 
00 03 85 00 00 00 00 00 00 05 00 00 00 01 00 80 
00 03 a3 00 00 00 00 00 00 05 00 00 00 01 00 80 
00 03 da 00 00 00 00 00 00 05 00 00 00 01 00 80 
00 03 74 00 00 00 00 00 00 05 00 00 00 01 00 80 
00 03 a1 00 00 00 00 00 00 05 00 00 00 01 00 80 
00 03 81 00 00 00 00 00 00 05 00 00 00 01 00 80 
00 03 5f 00 00 00 00 00 00 05 00 00 00 01 00 80 
00 03 2d 00 00 00 00 00 00 05 00 00 00 01 00 80 
00 03 96 00 00 00 00 00 00 05 00 00 00 01 00 80 
00 03 83 00 00 00 00 00 00 05 00 00 00 01 00 80 
00 03 79 00 00 00 00 00 00 05 00 00 00 01 00 80 
00 03 90 00 00 00 00 00 00 05 00 00 00 01 00 80 
00 03 b8 00 00 00 00 00 00 05 00 00 00 01 00 80 
00 03 c5 00 00 00 00 00 00 05 00 00 00 01 00 80 
00 03 aa 00 00 00 00 00 00 05 00 00 00 01 00 80 
00 03 66 00 00 00 00 00 00 05 00 00 00 01 00 80 
00 03 8c 00 00 00 00 00 00 05 00 00 00 01 00 80 
00 03 63 00 00 00 00 00 00 05 00 00 00 01 00 80 
00 03 48 00 00 00 00 00 00 05 00 00 00 01 00 80 
00 03 18 00 00 00 00 00 00 05 00 00 00 01 00 80 
00 03 59 00 00 00 00 00 00 05 00 00 00 01 00 80 
00 03 35 00 00 00 00 00 00 05 00 00 00 01 00 80 
00 03 74 00 00 00 00 00 00 05 00 00 00 01 00 80 
00 03 79 00 00 00 00 00 00 05 00 00 00 01 00 80 
00 03 41 00 00 00 00 00 00 05 00 00 00 01 00 80 
00 03 48 00 00 00 00 00 00 05 00 00 00 01 00 80 
00 03 8c 00 00 00 00 00 00 05 00 00 00 01 00 80 
00 03 8c 00 00 00 00 00 00 05 00 00 00 01 00 80 
00 03 57 00 00 00 00 00 00 05 00 00 00 01 00 80 
00 04 07 00 00 00 00 00 00 05 00 00 00 01 00 80 
00 03 f0 00 00 00 00 00 00 05 00 00 00 01 00 80 
00 03 7d 00 00 00 00 00 00 05 00 00 00 01 00 80 
00 03 66 00 00 00 00 00 00 05 00 00 00 01 00 80 
00 03 a3 00 00 00 00 00 00 05 00 00 00 01 00 80 
00 03 4c 00 00 00 00 00 00 05 00 00 00 01 00 80 
00 03 2f 00 00 00 00 00 00 05 00 00 00 01 00 80 
00 03 18 00 00 00 00 00 00 05 00 00 00 01 00 80 
00 02 f2 00 00 00 00 00 00 05 00 00 00 01 00 80 
00 03 4c 00 00 00 00 00 00 05 00 00 00 01 00 80 
00 03 46 00 00 00 00 00 00 05 00 00 00 01 00 80 
00 03 7f 00 00 00 00 00 00 05 00 00 00 01 00 80 
00 03 bb 00 00 00 00 00 00 05 00 00 00 01 00 80 
00 03 8e 00 00 00 00 00 00 05 00 00 00 01 00 80 
00 03 b0 00 00 00 00 00 00 05 00 00 00 01 00 80 
00 03 e1 00 00 00 00 00 00 05 00 00 00 01 00 80 
00 03 b6 00 00 00 00 00 00 05 00 00 00 01 00 80 
00 03 d0 00 00 00 00 00 00 05 00 00 00 01 00 80 
00 03 70 00 00 00 00 00 00 05 00 00 00 01 00 80 
00 03 81 00 00 00 00 00 00 05 00 00 00 01 00 80 
00 03 8e 00 00 00 00 00 00 05 00 00 00 01 00 80 
00 03 6a 00 00 00 00 00 00 05 00 00 00 01 00 80 
00 03 8a 00 00 00 00 00 00 05 00 00 00 01 00 80 
00 03 eb 00 00 00 00 00 00 05 00 00 00 01 00 80 
00 03 a3 00 00 00 00 00 00 05 00 00 00 01 00 80 
00 03 ff 00 00 00 00 00 00 05 00 00 00 01 00 80 
00 03 ac 00 00 00 00 00 00 05 00 00 00 01 00 80 
00 03 b2 00 00 00 00 00 00 05 00 00 00 01 00 80 
00 03 f8 00 00 00 00 00 00 05 00 00 00 01 00 80 
00 03 d4 00 00 00 00 00 00 05 00 00 00 01 00 80 
00 03 a5 00 00 00 00 00 00 05 00 00 00 01 00 80 
00 03 79 00 00 00 00 00 00 05 00 00 00 01 00 80 
00 03 c3 00 00 00 00 00 00 05 00 00 00 01 00 80 
00 03 f0 00 00 00 00 00 00 05 00 00 00 01 00 80 
00 04 01 00 00 00 00 00 00 05 00 00 00 01 00 80 
00 03 6a 00 00 00 00 00 00 05 00 00 00 01 00 80 
00 03 94 00 00 00 00 00 00 05 00 00 00 01 00 80 
00 03 b4 00 00 00 00 00 00 05 00 00 00 01 00 80 
00 03 88 00 00 00 00 00 00 05 00 00 00 01 00 80 
00 03 7d 00 00 00 00 00 00 05 00 00 00 01 00 80 
00 03 50 00 00 00 00 00 00 05 00 00 00 01 00 80 
00 03 8c 00 00 00 00 00 00 05 00 00 00 01 00 80 
00 02 fa 00 00 00 00 00 00 05 00 00 00 01 00 80 
00 03 39 00 00 00 00 00 00 05 00 00 00 01 00 80 
00 03 85 00 00 00 00 00 00 05 00 00 00 01 00 80 
00 03 52 00 00 00 00 00 00 05 00 00 00 01 00 80 
00 03 99 00 00 00 00 00 00 05 00 00 00 01 00 80 
00 03 b6 00 00 00 00 00 00 05 00 00 00 01 00 80 
00 03 61 00 00 00 00 00 00 05 00 00 00 01 00 80 
00 03 63 00 00 00 00 00 00 05 00 00 00 01 00 80 
00 03 2f 00 00 00 00 00 00 05 00 00 00 01 00 80 
00 03 3d 00 00 00 00 00 00 05 00 00 00 01 00 80 
00 03 9f 00 00 00 00 00 00 05 00 00 00 01 00 80 
00 03 83 00 00 00 00 00 00 05 00 00 00 01 00 80 
00 03 74 00 00 00 00 00 00 05 00 00 00 01 00 80 
00 03 72 00 00 00 00 00 00 05 00 00 00 01 00 80 
00 03 99 00 00 00 00 00 00 05 00 00 00 01 00 80 
00 03 5d 00 00 00 00 00 00 05 00 00 00 01 00 80 
00 03 c7 00 00 00 00 00 00 05 00 00 00 01 00 80 
00 03 d6 00 00 00 00 00 00 05 00 00 00 01 00 80 
00 03 8a 00 00 00 00 00 00 05 00 00 00 01 00 80 
00 03 c1 00 00 00 00 00 00 05 00 00 00 01 00 80 
00 03 b0 00 00 00 00 00 00 05 00 00 00 01 00 80 
00 03 ae 00 00 00 00 00 00 05 00 00 00 01 00 80 
00 03 6c 00 00 00 00 00 00 05 00 00 00 01 00 80 
00 03 77 00 00 00 00 00 00 05 00 00 00 01 00 80 
00 03 6c 00 00 00 00 00 00 05 00 00 00 01 00 80 
00 03 8a 00 00 00 00 00 00 05 00 00 00 01 00 80 
00 03 6a 00 00 00 00 00 00 05 00 00 00 01 00 80 
00 03 b2 00 00 00 00 00 00 05 00 00 00 01 00 80 
00 03 a3 00 00 00 00 00 00 05 00 00 00 01 00 80 
00 03 79 00 00 00 00 00 00 05 00 00 00 01 00 80 
00 03 c5 00 00 00 00 00 00 05 00 00 00 01 00 80 
00 03 83 00 00 00 00 00 00 05 00 00 00 01 00 80 
00 03 94 00 00 00 00 00 00 05 00 00 00 01 00 80 
00 03 a7 00 00 00 00 00 00 05 00 00 00 01 00 80 
00 03 b2 00 00 00 00 00 00 05 00 00 00 01 00 80 
00 03 74 00 00 00 00 00 00 05 00 00 00 01 00 80 
00 03 83 00 00 00 00 00 00 05 00 00 00 01 00 80 
00 03 57 00 00 00 00 00 00 05 00 00 00 01 00 80 
00 03 2b 00 00 00 00 00 00 05 00 00 00 01 00 80 
00 02 ee 00 00 00 00 00 00 05 00 00 00 01 00 80 
00 03 4e 00 00 00 00 00 00 05 00 00 00 01 00 80 
00 03 27 00 00 00 00 00 00 05 00 00 00 01 00 80 
00 03 7b 00 00 00 00 00 00 05 00 00 00 01 00 80 
00 03 63 00 00 00 00 00 00 05 00 00 00 01 00 80 
00 03 72 00 00 00 00 00 00 05 00 00 00 01 00 80 
00 03 68 00 00 00 00 00 00 05 00 00 00 01 00 80 
00 03 5d 00 00 00 00 00 00 05 00 00 00 01 00 80 
00 03 bd 00 00 00 00 00 00 05 00 00 00 01 00 80 
00 03 96 00 00 00 00 00 00 05 00 00 00 01 00 80 
00 03 ce 00 00 00 00 00 00 05 00 00 00 01 00 80 
00 03 6c 00 00 00 00 00 00 05 00 00 00 01 00 80 
00 03 7b 00 00 00 00 00 00 05 00 00 00 01 00 80 
00 03 d2 00 00 00 00 00 00 05 00 00 00 01 00 80 
00 03 c9 00 00 00 00 00 00 05 00 00 00 01 00 80 
00 03 e1 00 00 00 00 00 00 05 00 00 00 01 00 80 
00 03 9d 00 00 00 00 00 00 05 00 00 00 01 00 80 
00 03 ac 00 00 00 00 00 00 05 00 00 00 01 00 80 
00 03 59 00 00 00 00 00 00 05 00 00 00 01 00 80 
00 03 7f 00 00 00 00 00 00 05 00 00 00 01 00 80 
00 03 a3 00 00 00 00 00 00 05 00 00 00 01 00 80 
00 03 c5 00 00 00 00 00 00 05 00 00 00 01 00 80 
00 03 d6 00 00 00 00 00 00 05 00 00 00 01 00 80 
00 03 90 00 00 00 00 00 00 05 00 00 00 01 00 80 
00 03 6c 00 00 00 00 00 00 05 00 00 00 01 00 80 
00 03 5f 00 00 00 00 00 00 05 00 00 00 01 00 80 
00 03 83 00 00 00 00 00 00 05 00 00 00 01 00 80 
00 03 ae 00 00 00 00 00 00 05 00 00 00 01 00 80 
00 03 ac 00 00 00 00 00 00 05 00 00 00 01 00 80 
00 03 90 00 00 00 00 00 00 05 00 00 00 01 00 80 
00 03 f6 00 00 00 00 00 00 05 00 00 00 01 00 80 
00 03 cc 00 00 00 00 00 00 05 00 00 00 01 00 80 
00 03 f0 00 00 00 00 00 00 05 00 00 00 01 00 80 
00 03 57 00 00 00 00 00 00 05 00 00 00 01 00 80 
00 03 cc 00 00 00 00 00 00 05 00 00 00 01 00 80 
00 03 bf 00 00 00 00 00 00 05 00 00 00 01 00 80 
00 03 7b 00 00 00 00 00 00 05 00 00 00 01 00 80 
00 03 ae 00 00 00 00 00 00 05 00 00 00 01 00 80 
00 03 df 00 00 00 00 00 00 05 00 00 00 01 00 80 
00 03 aa 00 00 00 00 00 00 05 00 00 00 01 00 80 
00 03 79 00 00 00 00 00 00 05 00 00 00 01 00 80 
00 03 e3 00 00 00 00 00 00 05 00 00 00 01 00 80 
00 03 f0 00 00 00 00 00 00 05 00 00 00 01 00 80 
00 03 ac 00 00 00 00 00 00 05 00 00 00 01 00 80 
00 03 61 00 00 00 00 00 00 05 00 00 00 01 00 80 
00 03 b2 00 00 00 00 00 00 05 00 00 00 01 00 80 
00 03 a1 00 00 00 00 00 00 05 00 00 00 01 00 80 
00 03 b2 00 00 00 00 00 00 05 00 00 00 01 00 80 
00 03 3b 00 00 00 00 00 00 05 00 00 00 01 00 80 
00 03 5f 00 00 00 00 00 00 05 00 00 00 01 00 80 
00 03 4c 00 00 00 00 00 00 05 00 00 00 01 00 80 
00 03 a1 00 00 00 00 00 00 05 00 00 00 01 00 80 
00 03 74 00 00 00 00 00 00 05 00 00 00 01 00 80 
00 03 4c 00 00 00 00 00 00 05 00 00 00 01 00 80 
00 03 a5 00 00 00 00 00 00 05 00 00 00 01 00 80 
00 03 94 00 00 00 00 00 00 05 00 00 00 01 00 80 
00 03 72 00 00 00 00 00 00 05 00 00 00 01 00 80 
00 03 7f 00 00 00 00 00 00 05 00 00 00 01 00 80 
00 03 70 00 00 00 00 00 00 05 00 00 00 01 00 80 
00 03 e1 00 00 00 00 00 00 05 00 00 00 01 00 80 
00 03 b0 00 00 00 00 00 00 05 00 00 00 01 00 80 
00 03 94 00 00 00 00 00 00 05 00 00 00 01 00 80 
00 03 e5 00 00 00 00 00 00 05 00 00 00 01 00 80 
00 03 41 00 00 00 00 00 00 05 00 00 00 01 00 80 
00 03 b2 00 00 00 00 00 00 05 00 00 00 01 00 80 
00 03 cc 00 00 00 00 00 00 05 00 00 00 01 00 80 
00 03 d2 00 00 00 00 00 00 05 00 00 00 01 00 80 
00 03 ae 00 00 00 00 00 00 05 00 00 00 01 00 80 
00 03 c1 00 00 00 00 00 00 05 00 00 00 01 00 80 
00 03 cc 00 00 00 00 00 00 05 00 00 00 01 00 80 
00 04 03 00 00 00 00 00 00 05 00 00 00 01 00 80 
00 03 d0 00 00 00 00 00 00 05 00 00 00 01 00 80 
00 04 1e 00 00 00 00 00 00 05 00 00 00 01 00 80 
00 03 ee 00 00 00 00 00 00 05 00 00 00 01 00 80 
00 03 e7 00 00 00 00 00 00 05 00 00 00 01 00 80 
00 03 e9 00 00 00 00 00 00 05 00 00 00 01 00 80 
00 03 e1 00 00 00 00 00 00 05 00 00 00 01 00 80 
00 04 29 00 00 00 00 00 00 05 00 00 00 01 00 80 
00 03 fa 00 00 00 00 00 00 05 00 00 00 01 00 80 
00 03 a3 00 00 00 00 00 00 05 00 00 00 01 00 80 
00 03 b6 00 00 00 00 00 00 05 00 00 00 01 00 80 
00 03 a7 00 00 00 00 00 00 05 00 00 00 01 00 80 
00 03 aa 00 00 00 00 00 00 05 00 00 00 01 00 80 
00 03 fa 00 00 00 00 00 00 05 00 00 00 01 00 80 
00 03 cc 00 00 00 00 00 00 05 00 00 00 01 00 80 
00 03 d0 00 00 00 00 00 00 05 00 00 00 01 00 80 
00 04 03 00 00 00 00 00 00 05 00 00 00 01 00 80 
00 03 c7 00 00 00 00 00 00 05 00 00 00 01 00 80 
00 03 ac 00 00 00 00 00 00 05 00 00 00 01 00 80 
00 03 90 00 00 00 00 00 00 05 00 00 00 01 00 80 
00 03 b8 00 00 00 00 00 00 05 00 00 00 01 00 80 
00 03 eb 00 00 00 00 00 00 05 00 00 00 01 00 80 
00 03 d6 00 00 00 00 00 00 05 00 00 00 01 00 80 
00 03 94 00 00 00 00 00 00 05 00 00 00 01 00 80 
00 03 d2 00 00 00 00 00 00 05 00 00 00 01 00 80 
00 03 96 00 00 00 00 00 00 05 00 00 00 01 00 80 
00 03 7d 00 00 00 00 00 00 05 00 00 00 01 00 80 
00 03 72 00 00 00 00 00 00 05 00 00 00 01 00 80 
00 03 a3 00 00 00 00 00 00 05 00 00 00 01 00 80 
00 03 25 00 00 00 00 00 00 05 00 00 00 01 00 80 
00 03 b8 00 00 00 00 00 00 05 00 00 00 01 00 80 
00 03 b2 00 00 00 00 00 00 05 00 00 00 01 00 80 
00 03 d6 00 00 00 00 00 00 05 00 00 00 01 00 80 
00 03 e7 00 00 00 00 00 00 05 00 00 00 01 00 80 
00 04 01 00 00 00 00 00 00 05 00 00 00 01 00 80 
00 03 f8 00 00 00 00 00 00 05 00 00 00 01 00 80 
00 04 05 00 00 00 00 00 00 05 00 00 00 01 00 80 
00 03 d8 00 00 00 00 00 00 05 00 00 00 01 00 80 
00 03 f2 00 00 00 00 00 00 05 00 00 00 01 00 80 
00 04 03 00 00 00 00 00 00 05 00 00 00 01 00 80 
00 03 c9 00 00 00 00 00 00 05 00 00 00 01 00 80 
00 03 96 00 00 00 00 00 00 05 00 00 00 01 00 80 
00 03 99 00 00 00 00 00 00 05 00 00 00 01 00 80 
00 03 e7 00 00 00 00 00 00 05 00 00 00 01 00 80 
00 03 bb 00 00 00 00 00 00 05 00 00 00 01 00 80 
00 03 ff 00 00 00 00 00 00 05 00 00 00 01 00 80 
00 03 da 00 00 00 00 00 00 05 00 00 00 01 00 80 
00 04 1e 00 00 00 00 00 00 05 00 00 00 01 00 80 
00 03 cc 00 00 00 00 00 00 05 00 00 00 01 00 80 
00 03 d6 00 00 00 00 00 00 05 00 00 00 01 00 80 
00 04 0b 00 00 00 00 00 00 05 00 00 00 01 00 80 
00 03 fc 00 00 00 00 00 00 05 00 00 00 01 00 80 
00 03 bb 00 00 00 00 00 00 05 00 00 00 01 00 80 
00 03 dd 00 00 00 00 00 00 05 00 00 00 01 00 80 
00 03 b0 00 00 00 00 00 00 05 00 00 00 01 00 80 
00 03 c9 00 00 00 00 00 00 05 00 00 00 01 00 80 
00 03 b0 00 00 00 00 00 00 05 00 00 00 01 00 80 
00 03 b2 00 00 00 00 00 00 05 00 00 00 01 00 80 
00 03 92 00 00 00 00 00 00 05 00 00 00 01 00 80 
00 03 6c 00 00 00 00 00 00 05 00 00 00 01 00 80 
00 03 2f 00 00 00 00 00 00 05 00 00 00 01 00 80 
00 03 b6 00 00 00 00 00 00 05 00 00 00 01 00 80 
00 03 dd 00 00 00 00 00 00 05 00 00 00 01 00 80 
00 03 c5 00 00 00 00 00 00 05 00 00 00 01 00 80 
00 03 52 00 00 00 00 00 00 05 00 00 00 01 00 80 
00 03 7f 00 00 00 00 00 00 05 00 00 00 01 00 80 
00 03 6e 00 00 00 00 00 00 05 00 00 00 01 00 80 
00 03 9b 00 00 00 00 00 00 05 00 00 00 01 00 80 
00 03 92 00 00 00 00 00 00 05 00 00 00 01 00 80 
00 03 c5 00 00 00 00 00 00 05 00 00 00 01 00 80 
00 03 57 00 00 00 00 00 00 05 00 00 00 01 00 80 
00 03 c5 00 00 00 00 00 00 05 00 00 00 01 00 80 
00 03 c9 00 00 00 00 00 00 05 00 00 00 01 00 80 
00 03 c9 00 00 00 00 00 00 05 00 00 00 01 00 80 
00 03 90 00 00 00 00 00 00 05 00 00 00 01 00 80 
00 03 bb 00 00 00 00 00 00 05 00 00 00 01 00 80 
00 03 77 00 00 00 00 00 00 05 00 00 00 01 00 80 
00 03 99 00 00 00 00 00 00 05 00 00 00 01 00 80 
00 03 bd 00 00 00 00 00 00 05 00 00 00 01 00 80 
00 03 bf 00 00 00 00 00 00 05 00 00 00 01 00 80 
00 03 8e 00 00 00 00 00 00 05 00 00 00 01 00 80 
00 03 b4 00 00 00 00 00 00 05 00 00 00 01 00 80 
00 03 f0 00 00 00 00 00 00 05 00 00 00 01 00 80 
00 04 09 00 00 00 00 00 00 05 00 00 00 01 00 80 
00 03 c5 00 00 00 00 00 00 05 00 00 00 01 00 80 
00 03 b2 00 00 00 00 00 00 05 00 00 00 01 00 80 
00 03 eb 00 00 00 00 00 00 05 00 00 00 01 00 80 
00 03 c1 00 00 00 00 00 00 05 00 00 00 01 00 80 
00 03 d0 00 00 00 00 00 00 05 00 00 00 01 00 80 
00 03 b6 00 00 00 00 00 00 05 00 00 00 01 00 80 
00 03 5b 00 00 00 00 00 00 05 00 00 00 01 00 80 
00 03 9d 00 00 00 00 00 00 05 00 00 00 01 00 80 
00 03 92 00 00 00 00 00 00 05 00 00 00 01 00 80 
00 03 6c 00 00 00 00 00 00 05 00 00 00 01 00 80 
00 03 7d 00 00 00 00 00 00 05 00 00 00 01 00 80 
00 03 44 00 00 00 00 00 00 05 00 00 00 01 00 80 
00 03 74 00 00 00 00 00 00 05 00 00 00 01 00 80 
00 03 8a 00 00 00 00 00 00 05 00 00 00 01 00 80 
00 03 5f 00 00 00 00 00 00 05 00 00 00 01 00 80 
00 03 7f 00 00 00 00 00 00 05 00 00 00 01 00 80 
00 03 ac 00 00 00 00 00 00 05 00 00 00 01 00 80 
00 03 99 00 00 00 00 00 00 05 00 00 00 01 00 80 
00 03 6a 00 00 00 00 00 00 05 00 00 00 01 00 80 
00 03 c9 00 00 00 00 00 00 05 00 00 00 01 00 80 
00 03 a1 00 00 00 00 00 00 05 00 00 00 01 00 80 
00 03 fc 00 00 00 00 00 00 05 00 00 00 01 00 80 
00 03 b2 00 00 00 00 00 00 05 00 00 00 01 00 80 
00 03 7f 00 00 00 00 00 00 05 00 00 00 01 00 80 
00 03 46 00 00 00 00 00 00 05 00 00 00 01 00 80 
00 03 9f 00 00 00 00 00 00 05 00 00 00 01 00 80 
00 03 99 00 00 00 00 00 00 05 00 00 00 01 00 80 
00 03 7d 00 00 00 00 00 00 05 00 00 00 01 00 80 
00 03 cc 00 00 00 00 00 00 05 00 00 00 01 00 80 
00 03 b4 00 00 00 00 00 00 05 00 00 00 01 00 80 
00 03 e5 00 00 00 00 00 00 05 00 00 00 01 00 80 
00 03 e5 00 00 00 00 00 00 05 00 00 00 01 00 80 
00 03 c3 00 00 00 00 00 00 05 00 00 00 01 00 80 
00 03 85 00 00 00 00 00 00 05 00 00 00 01 00 80 
00 04 16 00 00 00 00 00 00 05 00 00 00 01 00 80 
00 03 8e 00 00 00 00 00 00 05 00 00 00 01 00 80 
00 03 b0 00 00 00 00 00 00 05 00 00 00 01 00 80 
00 03 61 00 00 00 00 00 00 05 00 00 00 01 00 80 
00 03 df 00 00 00 00 00 00 05 00 00 00 01 00 80 
00 03 d6 00 00 00 00 00 00 05 00 00 00 01 00 80 
00 03 99 00 00 00 00 00 00 05 00 00 00 01 00 80 
00 03 92 00 00 00 00 00 00 05 00 00 00 01 00 80 
00 03 e5 00 00 00 00 00 00 05 00 00 00 01 00 80 
00 03 ac 00 00 00 00 00 00 05 00 00 00 01 00 80 
00 03 52 00 00 00 00 00 00 05 00 00 00 01 00 80 
00 03 79 00 00 00 00 00 00 05 00 00 00 01 00 80 
00 03 d4 00 00 00 00 00 00 05 00 00 00 01 00 80 
00 03 b0 00 00 00 00 00 00 05 00 00 00 01 00 80 
00 03 c7 00 00 00 00 00 00 05 00 00 00 01 00 80 
00 03 7d 00 00 00 00 00 00 05 00 00 00 01 00 80 
00 02 e9 00 00 00 00 00 00 05 00 00 00 01 00 80 
00 03 85 00 00 00 00 00 00 05 00 00 00 01 00 80 
00 03 9d 00 00 00 00 00 00 05 00 00 00 01 00 80 
00 03 b4 00 00 00 00 00 00 05 00 00 00 01 00 80 
00 03 72 00 00 00 00 00 00 05 00 00 00 01 00 80 
00 03 8c 00 00 00 00 00 00 05 00 00 00 01 00 80 
00 03 c3 00 00 00 00 00 00 05 00 00 00 01 00 80 
00 03 b6 00 00 00 00 00 00 05 00 00 00 01 00 80 
00 03 eb 00 00 00 00 00 00 05 00 00 00 01 00 80 
00 03 f6 00 00 00 00 00 00 05 00 00 00 01 00 80 
00 03 ee 00 00 00 00 00 00 05 00 00 00 01 00 80 
00 03 bf 00 00 00 00 00 00 05 00 00 00 01 00 80 
00 03 83 00 00 00 00 00 00 05 00 00 00 01 00 80 
00 03 f2 00 00 00 00 00 00 05 00 00 00 01 00 80 
00 03 f6 00 00 00 00 00 00 05 00 00 00 01 00 80 
00 04 52 00 00 00 00 00 00 05 00 00 00 01 00 80 
00 03 e3 00 00 00 00 00 00 05 00 00 00 01 00 80 
00 03 59 00 00 00 00 00 00 05 00 00 00 01 00 80 
00 03 bd 00 00 00 00 00 00 05 00 00 00 01 00 80 
00 03 bd 00 00 00 00 00 00 05 00 00 00 01 00 80 
00 03 7f 00 00 00 00 00 00 05 00 00 00 01 00 80 
00 03 66 00 00 00 00 00 00 05 00 00 00 01 00 80 
00 03 8c 00 00 00 00 00 00 05 00 00 00 01 00 80 
00 03 bd 00 00 00 00 00 00 05 00 00 00 01 00 80 
00 03 2d 00 00 00 00 00 00 05 00 00 00 01 00 80 
00 03 5f 00 00 00 00 00 00 05 00 00 00 01 00 80 
00 03 3f 00 00 00 00 00 00 05 00 00 00 01 00 80 
00 03 6a 00 00 00 00 00 00 05 00 00 00 01 00 80 
00 03 c3 00 00 00 00 00 00 05 00 00 00 01 00 80 
00 03 b6 00 00 00 00 00 00 05 00 00 00 01 00 80 
00 03 bd 00 00 00 00 00 00 05 00 00 00 01 00 80 
00 03 ac 00 00 00 00 00 00 05 00 00 00 01 00 80 
00 03 dd 00 00 00 00 00 00 05 00 00 00 01 00 80 
00 03 eb 00 00 00 00 00 00 05 00 00 00 01 00 80 
00 03 d4 00 00 00 00 00 00 05 00 00 00 01 00 80 
00 03 df 00 00 00 00 00 00 05 00 00 00 01 00 80 
00 03 72 00 00 00 00 00 00 05 00 00 00 01 00 80 
00 03 92 00 00 00 00 00 00 05 00 00 00 01 00 80 
00 03 8e 00 00 00 00 00 00 05 00 00 00 01 00 80 
00 03 bd 00 00 00 00 00 00 05 00 00 00 01 00 80 
00 04 1e 00 00 00 00 00 00 05 00 00 00 01 00 80 
00 04 27 00 00 00 00 00 00 05 00 00 00 01 00 80 
00 04 3a 00 00 00 00 00 00 05 00 00 00 01 00 80 
00 03 e7 00 00 00 00 00 00 05 00 00 00 01 00 80 
00 04 57 00 00 00 00 00 00 05 00 00 00 01 00 80 
00 04 48 00 00 00 00 00 00 05 00 00 00 01 00 80 
00 04 40 00 00 00 00 00 00 05 00 00 00 01 00 80 
00 04 40 00 00 00 00 00 00 05 00 00 00 01 00 80 
00 04 03 00 00 00 00 00 00 05 00 00 00 01 00 80 
00 04 03 00 00 00 00 00 00 05 00 00 00 01 00 80 
00 03 bf 00 00 00 00 00 00 05 00 00 00 01 00 80 
00 04 1e 00 00 00 00 00 00 05 00 00 00 01 00 80 
00 04 12 00 00 00 00 00 00 05 00 00 00 01 00 80 
00 04 01 00 00 00 00 00 00 05 00 00 00 01 00 80 
00 03 c3 00 00 00 00 00 00 05 00 00 00 01 00 80 
00 04 07 00 00 00 00 00 00 05 00 00 00 01 00 80 
00 03 a3 00 00 00 00 00 00 05 00 00 00 01 00 80 
00 04 40 00 00 00 00 00 00 05 00 00 00 01 00 80 
00 04 29 00 00 00 00 00 00 05 00 00 00 01 00 80 
00 03 d6 00 00 00 00 00 00 05 00 00 00 01 00 80 
00 04 10 00 00 00 00 00 00 05 00 00 00 01 00 80 
00 03 e9 00 00 00 00 00 00 05 00 00 00 01 00 80 
00 03 f4 00 00 00 00 00 00 05 00 00 00 01 00 80 
00 03 f6 00 00 00 00 00 00 05 00 00 00 01 00 80 
00 03 a1 00 00 00 00 00 00 05 00 00 00 01 00 80 
00 03 d0 00 00 00 00 00 00 05 00 00 00 01 00 80 
00 03 e1 00 00 00 00 00 00 05 00 00 00 01 00 80 
00 03 d2 00 00 00 00 00 00 05 00 00 00 01 00 80 
00 03 99 00 00 00 00 00 00 05 00 00 00 01 00 80 
00 03 c9 00 00 00 00 00 00 05 00 00 00 01 00 80 
00 03 90 00 00 00 00 00 00 05 00 00 00 01 00 80 
00 03 aa 00 00 00 00 00 00 05 00 00 00 01 00 80 
00 03 bf 00 00 00 00 00 00 05 00 00 00 01 00 80 
00 03 a3 00 00 00 00 00 00 05 00 00 00 01 00 80 
00 03 d4 00 00 00 00 00 00 05 00 00 00 01 00 80 
00 03 fa 00 00 00 00 00 00 05 00 00 00 01 00 80 
00 03 a3 00 00 00 00 00 00 05 00 00 00 01 00 80 
00 03 bb 00 00 00 00 00 00 05 00 00 00 01 00 80 
00 03 d4 00 00 00 00 00 00 05 00 00 00 01 00 80 
00 03 ce 00 00 00 00 00 00 05 00 00 00 01 00 80 
00 03 cc 00 00 00 00 00 00 05 00 00 00 01 00 80 
00 03 77 00 00 00 00 00 00 05 00 00 00 01 00 80 
00 03 94 00 00 00 00 00 00 05 00 00 00 01 00 80 
00 03 77 00 00 00 00 00 00 05 00 00 00 01 00 80 
00 03 5d 00 00 00 00 00 00 05 00 00 00 01 00 80 
00 03 ce 00 00 00 00 00 00 05 00 00 00 01 00 80 
00 03 e9 00 00 00 00 00 00 05 00 00 00 01 00 80 
00 03 a5 00 00 00 00 00 00 05 00 00 00 01 00 80 
00 03 ce 00 00 00 00 00 00 05 00 00 00 01 00 80 
00 03 a3 00 00 00 00 00 00 05 00 00 00 01 00 80 
00 03 fc 00 00 00 00 00 00 05 00 00 00 01 00 80 
00 04 23 00 00 00 00 00 00 05 00 00 00 01 00 80 
00 03 b2 00 00 00 00 00 00 05 00 00 00 01 00 80 
00 03 aa 00 00 00 00 00 00 05 00 00 00 01 00 80 
00 04 03 00 00 00 00 00 00 05 00 00 00 01 00 80 
00 03 a7 00 00 00 00 00 00 05 00 00 00 01 00 80 
00 03 e7 00 00 00 00 00 00 05 00 00 00 01 00 80 
00 03 d2 00 00 00 00 00 00 05 00 00 00 01 00 80 
00 03 ac 00 00 00 00 00 00 05 00 00 00 01 00 80 
00 04 0b 00 00 00 00 00 00 05 00 00 00 01 00 80 
00 03 c5 00 00 00 00 00 00 05 00 00 00 01 00 80 
00 03 d2 00 00 00 00 00 00 05 00 00 00 01 00 80 
00 03 a5 00 00 00 00 00 00 05 00 00 00 01 00 80 
00 03 bf 00 00 00 00 00 00 05 00 00 00 01 00 80 
00 03 c9 00 00 00 00 00 00 05 00 00 00 01 00 80 
00 03 5d 00 00 00 00 00 00 05 00 00 00 01 00 80 
00 03 da 00 00 00 00 00 00 05 00 00 00 01 00 80 
00 03 99 00 00 00 00 00 00 05 00 00 00 01 00 80 
00 04 05 00 00 00 00 00 00 05 00 00 00 01 00 80 
00 03 d0 00 00 00 00 00 00 05 00 00 00 01 00 80 
00 03 8e 00 00 00 00 00 00 05 00 00 00 01 00 80 
00 03 a5 00 00 00 00 00 00 05 00 00 00 01 00 80 
00 03 3b 00 00 00 00 00 00 05 00 00 00 01 00 80 
00 03 66 00 00 00 00 00 00 05 00 00 00 01 00 80 
00 03 ce 00 00 00 00 00 00 05 00 00 00 01 00 80 
00 03 50 00 00 00 00 00 00 05 00 00 00 01 00 80 
00 03 b6 00 00 00 00 00 00 05 00 00 00 01 00 80 
00 03 c5 00 00 00 00 00 00 05 00 00 00 01 00 80 
00 03 ae 00 00 00 00 00 00 05 00 00 00 01 00 80 
00 03 90 00 00 00 00 00 00 05 00 00 00 01 00 80 
00 03 e3 00 00 00 00 00 00 05 00 00 00 01 00 80 
00 03 a7 00 00 00 00 00 00 05 00 00 00 01 00 80 
00 03 ac 00 00 00 00 00 00 05 00 00 00 01 00 80 
00 03 bb 00 00 00 00 00 00 05 00 00 00 01 00 80 
00 03 59 00 00 00 00 00 00 05 00 00 00 01 00 80 
00 03 b6 00 00 00 00 00 00 05 00 00 00 01 00 80 
00 03 d2 00 00 00 00 00 00 05 00 00 00 01 00 80 
00 03 e7 00 00 00 00 00 00 05 00 00 00 01 00 80 
00 03 ae 00 00 00 00 00 00 05 00 00 00 01 00 80 
00 03 b0 00 00 00 00 00 00 05 00 00 00 01 00 80 
00 03 ac 00 00 00 00 00 00 05 00 00 00 01 00 80 
00 03 b4 00 00 00 00 00 00 05 00 00 00 01 00 80 
00 03 a5 00 00 00 00 00 00 05 00 00 00 01 00 80 
00 03 b6 00 00 00 00 00 00 05 00 00 00 01 00 80 
00 03 99 00 00 00 00 00 00 05 00 00 00 01 00 80 
00 03 74 00 00 00 00 00 00 05 00 00 00 01 00 80 
00 03 59 00 00 00 00 00 00 05 00 00 00 01 00 80 
00 03 9b 00 00 00 00 00 00 05 00 00 00 01 00 80 
00 03 90 00 00 00 00 00 00 05 00 00 00 01 00 80 
00 03 96 00 00 00 00 00 00 05 00 00 00 01 00 80 
00 03 d4 00 00 00 00 00 00 05 00 00 00 01 00 80 
00 03 d8 00 00 00 00 00 00 05 00 00 00 01 00 80 
00 03 f4 00 00 00 00 00 00 05 00 00 00 01 00 80 
00 04 2b 00 00 00 00 00 00 05 00 00 00 01 00 80 
00 04 2d 00 00 00 00 00 00 05 00 00 00 01 00 80 
00 04 07 00 00 00 00 00 00 05 00 00 00 01 00 80 
00 03 7f 00 00 00 00 00 00 05 00 00 00 01 00 80 
00 04 1c 00 00 00 00 00 00 05 00 00 00 01 00 80 
00 03 f8 00 00 00 00 00 00 05 00 00 00 01 00 80 
00 03 d0 00 00 00 00 00 00 05 00 00 00 01 00 80 
00 03 bf 00 00 00 00 00 00 05 00 00 00 01 00 80 
00 03 99 00 00 00 00 00 00 05 00 00 00 01 00 80 
00 03 83 00 00 00 00 00 00 05 00 00 00 01 00 80 
00 03 6c 00 00 00 00 00 00 05 00 00 00 01 00 80 
00 03 68 00 00 00 00 00 00 05 00 00 00 01 00 80 
00 03 70 00 00 00 00 00 00 05 00 00 00 01 00 80 
00 03 b0 00 00 00 00 00 00 05 00 00 00 01 00 80 
00 03 59 00 00 00 00 00 00 05 00 00 00 01 00 80 
00 03 96 00 00 00 00 00 00 05 00 00 00 01 00 80 
00 03 aa 00 00 00 00 00 00 05 00 00 00 01 00 80 
00 03 74 00 00 00 00 00 00 05 00 00 00 01 00 80 
00 03 8e 00 00 00 00 00 00 05 00 00 00 01 00 80 
00 03 57 00 00 00 00 00 00 05 00 00 00 01 00 80 
00 03 a1 00 00 00 00 00 00 05 00 00 00 01 00 80 
00 03 63 00 00 00 00 00 00 05 00 00 00 01 00 80 
00 03 df 00 00 00 00 00 00 05 00 00 00 01 00 80 
00 03 c7 00 00 00 00 00 00 05 00 00 00 01 00 80 
00 03 f6 00 00 00 00 00 00 05 00 00 00 01 00 80 
00 03 dd 00 00 00 00 00 00 05 00 00 00 01 00 80 
00 04 07 00 00 00 00 00 00 05 00 00 00 01 00 80 
00 03 e5 00 00 00 00 00 00 05 00 00 00 01 00 80 
00 03 a7 00 00 00 00 00 00 05 00 00 00 01 00 80 
00 03 c7 00 00 00 00 00 00 05 00 00 00 01 00 80 
00 03 b8 00 00 00 00 00 00 05 00 00 00 01 00 80 
00 03 d4 00 00 00 00 00 00 05 00 00 00 01 00 80 
00 03 fa 00 00 00 00 00 00 05 00 00 00 01 00 80 
00 03 d2 00 00 00 00 00 00 05 00 00 00 01 00 80 
00 03 ac 00 00 00 00 00 00 05 00 00 00 01 00 80 
00 03 81 00 00 00 00 00 00 05 00 00 00 01 00 80 
00 03 ce 00 00 00 00 00 00 05 00 00 00 01 00 80 
00 03 bd 00 00 00 00 00 00 05 00 00 00 01 00 80 
00 04 01 00 00 00 00 00 00 05 00 00 00 01 00 80 
00 03 96 00 00 00 00 00 00 05 00 00 00 01 00 80 
00 03 f4 00 00 00 00 00 00 05 00 00 00 01 00 80 
00 03 d0 00 00 00 00 00 00 05 00 00 00 01 00 80 
00 03 bf 00 00 00 00 00 00 05 00 00 00 01 00 80 
00 03 a3 00 00 00 00 00 00 05 00 00 00 01 00 80 
00 03 90 00 00 00 00 00 00 05 00 00 00 01 00 80 
00 03 77 00 00 00 00 00 00 05 00 00 00 01 00 80 
00 03 b0 00 00 00 00 00 00 01 00 00 00 00 00 80 
00 03 b8 00 00 00 00 00 00 00 00 00 00 01 00 80 
00 03 ff 00 00 00 00 00 00 00 00 00 00 01 00 80 
00 03 eb 00 00 00 00 00 00 00 00 00 00 01 00 80 
00 03 dd 00 00 00 00 00 00 00 00 00 00 01 00 80 
00 03 b8 00 00 00 00 00 00 00 00 00 00 01 00 80 
00 03 e7 00 00 00 00 00 00 00 00 00 00 01 00 80 
00 04 10 00 00 00 00 00 00 00 00 00 00 01 00 80 
00 03 ff 00 00 00 00 00 00 00 00 00 00 01 00 80 
00 04 09 00 00 00 00 00 00 00 00 00 00 01 00 80 
00 03 8c 00 00 00 00 00 00 00 00 00 00 01 00 80 
00 03 8c 00 00 00 00 00 00 00 00 00 00 01 00 80 
00 03 ae 00 00 00 00 00 00 00 00 00 00 01 00 80 
00 03 e5 00 00 00 00 00 00 00 00 00 00 01 00 80 
00 03 e3 00 00 00 00 00 00 00 00 00 00 01 00 80 
00 03 9b 00 00 00 00 00 00 00 00 00 00 01 00 80 
00 03 d8 00 00 00 00 00 00 00 00 00 00 01 00 80 
00 03 90 00 00 00 00 00 00 00 00 00 00 01 00 80 
00 03 a3 00 00 00 00 00 00 00 00 00 00 01 00 80 
00 03 f2 00 00 00 00 00 00 00 00 00 00 01 00 80 
00 03 dd 00 00 00 00 00 00 00 00 00 00 01 00 80 
00 03 bf 00 00 00 00 00 00 00 00 00 00 01 00 80 
00 03 94 00 00 00 00 00 00 00 00 00 00 01 00 80 
00 03 a1 00 00 00 00 00 00 00 00 00 00 01 00 80 
00 03 a7 00 00 00 00 00 00 00 00 00 00 01 00 80 
00 04 0b 00 00 00 00 00 00 00 00 00 00 01 00 80 
00 03 e7 00 00 00 00 00 00 00 00 00 00 01 00 80 
00 03 a7 00 00 00 00 00 00 00 00 00 00 01 00 80 
00 03 99 00 00 00 00 00 00 00 00 00 00 01 00 80 
00 03 9d 00 00 00 00 00 00 00 00 00 00 01 00 80 
00 03 bf 00 00 00 00 00 00 00 00 00 00 01 00 80 
00 03 bb 00 00 00 00 00 00 00 00 00 00 01 00 80 
00 03 b8 00 00 00 00 00 00 00 00 00 00 01 00 80 
00 03 8e 00 00 00 00 00 00 00 00 00 00 01 00 80 
00 03 7d 00 00 00 00 00 00 00 00 00 00 01 00 80 
00 03 ff 00 00 00 00 00 00 00 00 00 00 01 00 80 
00 03 77 00 00 00 00 00 00 00 00 00 00 01 00 80 
00 03 e7 00 00 00 00 00 00 00 00 00 00 01 00 80 
00 03 f0 00 00 00 00 00 00 00 00 00 00 01 00 80 
00 03 df 00 00 00 00 00 00 00 00 00 00 01 00 80 
00 04 09 00 00 00 00 00 00 00 00 00 00 01 00 80 
00 03 c7 00 00 00 00 00 00 00 00 00 00 01 00 80 
00 04 18 00 00 00 00 00 00 00 00 00 00 01 00 80 
00 03 ee 00 00 00 00 00 00 00 00 00 00 01 00 80 
00 03 a5 00 00 00 00 00 00 00 00 00 00 01 00 80 
00 03 e9 00 00 00 00 00 00 00 00 00 00 01 00 80 
00 04 36 00 00 00 00 00 00 00 00 00 00 01 00 80 
00 03 c7 00 00 00 00 00 00 00 00 00 00 01 00 80 
00 03 b2 00 00 00 00 00 00 00 00 00 00 01 00 80 
00 03 8c 00 00 00 00 00 00 00 00 00 00 01 00 80 
00 03 c3 00 00 00 00 00 00 00 00 00 00 01 00 80 
00 03 d0 00 00 00 00 00 00 00 00 00 00 01 00 80 
00 03 46 00 00 00 00 00 00 00 00 00 00 01 00 80 
00 03 bb 00 00 00 00 00 00 00 00 00 00 01 00 80 
00 03 4e 00 00 00 00 00 00 00 00 00 00 01 00 80 
00 03 7d 00 00 00 00 00 00 00 00 00 00 01 00 80 
00 03 6c 00 00 00 00 00 00 00 00 00 00 01 00 80 
00 03 ae 00 00 00 00 00 00 00 00 00 00 01 00 80 
00 03 96 00 00 00 00 00 00 00 00 00 00 01 00 80 
00 03 a1 00 00 00 00 00 00 00 00 00 00 01 00 80 
00 03 9f 00 00 00 00 00 00 00 00 00 00 01 00 80 
00 03 e7 00 00 00 00 00 00 00 00 00 00 01 00 80 
00 04 18 00 00 00 00 00 00 00 00 00 00 01 00 80 
00 03 c3 00 00 00 00 00 00 00 00 00 00 01 00 80 
00 03 8e 00 00 00 00 00 00 00 00 00 00 01 00 80 
00 03 df 00 00 00 00 00 00 00 00 00 00 01 00 80 
00 03 9b 00 00 00 00 00 00 00 00 00 00 01 00 80 
00 03 d2 00 00 00 00 00 00 00 00 00 00 01 00 80 
00 03 d6 00 00 00 00 00 00 00 00 00 00 01 00 80 
00 03 b6 00 00 00 00 00 00 00 00 00 00 01 00 80 
00 03 9b 00 00 00 00 00 00 00 00 00 00 01 00 80 
00 03 a5 00 00 00 00 00 00 00 00 00 00 01 00 80 
00 03 b8 00 00 00 00 00 00 00 00 00 00 01 00 80 
00 03 9f 00 00 00 00 00 00 00 00 00 00 01 00 80 
00 03 8a 00 00 00 00 00 00 00 00 00 00 01 00 80 
00 04 0d 00 00 00 00 00 00 00 00 00 00 01 00 80 
00 03 ce 00 00 00 00 00 00 00 00 00 00 01 00 80 
00 03 fa 00 00 00 00 00 00 00 00 00 00 01 00 80 
00 03 d8 00 00 00 00 00 00 00 00 00 00 01 00 80 
00 03 da 00 00 00 00 00 00 00 00 00 00 01 00 80 
00 03 bd 00 00 00 00 00 00 00 00 00 00 01 00 80 
00 03 d8 00 00 00 00 00 00 00 00 00 00 01 00 80 
00 03 a5 00 00 00 00 00 00 00 00 00 00 01 00 80 
00 03 09 00 00 00 00 00 00 00 00 00 00 01 00 80 
00 03 1a 00 00 00 00 00 00 00 00 00 00 01 00 80 
00 03 12 00 00 00 00 00 00 00 00 00 00 01 00 80 
00 03 81 00 00 00 00 00 00 00 00 00 00 01 00 80 
00 03 8c 00 00 00 00 00 00 00 00 00 00 01 00 80 
00 03 6c 00 00 00 00 00 00 00 00 00 00 01 00 80 
00 03 94 00 00 00 00 00 00 00 00 00 00 01 00 80 
00 03 85 00 00 00 00 00 00 00 00 00 00 01 00 80 
00 03 70 00 00 00 00 00 00 00 00 00 00 01 00 80 
00 03 9d 00 00 00 00 00 00 00 00 00 00 01 00 80 
00 03 a7 00 00 00 00 00 00 00 00 00 00 01 00 80 
00 03 99 00 00 00 00 00 00 00 00 00 00 01 00 80 
00 03 a1 00 00 00 00 00 00 00 00 00 00 01 00 80 
00 03 a5 00 00 00 00 00 00 00 00 00 00 01 00 80 
00 03 b4 00 00 00 00 00 00 00 00 00 00 01 00 80 
00 03 df 00 00 00 00 00 00 00 00 00 00 01 00 80 
00 03 ae 00 00 00 00 00 00 00 00 00 00 01 00 80 
00 03 c1 00 00 00 00 00 00 00 00 00 00 01 00 80 
00 03 c3 00 00 00 00 00 00 00 00 00 00 01 00 80 
00 03 74 00 00 00 00 00 00 00 00 00 00 01 00 80 
00 03 c5 00 00 00 00 00 00 00 00 00 00 01 00 80 
00 03 bd 00 00 00 00 00 00 00 00 00 00 01 00 80 
00 03 9d 00 00 00 00 00 00 00 00 00 00 01 00 80 
00 03 c9 00 00 00 00 00 00 00 00 00 00 01 00 80 
00 03 b4 00 00 00 00 00 00 00 00 00 00 01 00 80 
00 03 a3 00 00 00 00 00 00 00 00 00 00 01 00 80 
00 03 d8 00 00 00 00 00 00 00 00 00 00 01 00 80 
00 03 ce 00 00 00 00 00 00 00 00 00 00 01 00 80 
00 03 b6 00 00 00 00 00 00 00 00 00 00 01 00 80 
00 03 90 00 00 00 00 00 00 00 00 00 00 01 00 80 
00 03 3d 00 00 00 00 00 00 00 00 00 00 01 00 80 
00 03 8e 00 00 00 00 00 00 00 00 00 00 01 00 80 
00 03 e3 00 00 00 00 00 00 00 00 00 00 01 00 80 
00 03 c5 00 00 00 00 00 00 00 00 00 00 01 00 80 
00 03 9f 00 00 00 00 00 00 00 00 00 00 01 00 80 
00 03 aa 00 00 00 00 00 00 00 00 00 00 01 00 80 
00 03 df 00 00 00 00 00 00 00 00 00 00 01 00 80 
00 03 d0 00 00 00 00 00 00 00 00 00 00 01 00 80 
00 03 4a 00 00 00 00 00 00 00 00 00 00 01 00 80 
00 03 5d 00 00 00 00 00 00 00 00 00 00 01 00 80 
00 03 d0 00 00 00 00 00 00 00 00 00 00 01 00 80 
00 03 b4 00 00 00 00 00 00 00 00 00 00 01 00 80 
00 03 c9 00 00 00 00 00 00 00 00 00 00 01 00 80 
00 03 a5 00 00 00 00 00 00 00 00 00 00 01 00 80 
00 03 c1 00 00 00 00 00 00 00 00 00 00 01 00 80 
00 03 7b 00 00 00 00 00 00 00 00 00 00 01 00 80 
00 03 b6 00 00 00 00 00 00 00 00 00 00 01 00 80 
00 03 c1 00 00 00 00 00 00 00 00 00 00 01 00 80 
00 03 d6 00 00 00 00 00 00 00 00 00 00 01 00 80 
00 03 b6 00 00 00 00 00 00 00 00 00 00 01 00 80 
00 03 9d 00 00 00 00 00 00 00 00 00 00 01 00 80 
00 03 9f 00 00 00 00 00 00 00 00 00 00 01 00 80 
00 03 b6 00 00 00 00 00 00 00 00 00 00 01 00 80 
00 03 9f 00 00 00 00 00 00 00 00 00 00 01 00 80 
00 03 c1 00 00 00 00 00 00 00 00 00 00 01 00 80 
00 03 fc 00 00 00 00 00 00 00 00 00 00 01 00 80 
00 03 b4 00 00 00 00 00 00 00 00 00 00 01 00 80 
00 03 e5 00 00 00 00 00 00 00 00 00 00 01 00 80 
00 04 2d 00 00 00 00 00 00 00 00 00 00 01 00 80 
00 03 e3 00 00 00 00 00 00 00 00 00 00 01 00 80 
00 03 ae 00 00 00 00 00 00 00 00 00 00 01 00 80 
00 03 d4 00 00 00 00 00 00 00 00 00 00 01 00 80 
00 03 72 00 00 00 00 00 00 00 00 00 00 01 00 80 
00 03 b2 00 00 00 00 00 00 00 00 00 00 01 00 80 
00 03 a5 00 00 00 00 00 00 00 00 00 00 01 00 80 
00 03 9d 00 00 00 00 00 00 00 00 00 00 01 00 80 
00 03 59 00 00 00 00 00 00 00 00 00 00 01 00 80 
00 03 d4 00 00 00 00 00 00 00 00 00 00 01 00 80 
00 04 1c 00 00 00 00 00 00 00 00 00 00 01 00 80 
00 03 eb 00 00 00 00 00 00 00 00 00 00 01 00 80 
00 03 e9 00 00 00 00 00 00 00 00 00 00 01 00 80 
00 03 cc 00 00 00 00 00 00 00 00 00 00 01 00 80 
00 03 d6 00 00 00 00 00 00 00 00 00 00 01 00 80 
00 03 ac 71 25 00 00 22 66 36 70 00 00 10 00 80 
00 03 d6 00 00 05 00 00 00 c2 84 00 00 fa 44 80 
00 03 8e 00 00 05 00 00 00 c2 84 00 00 fa 44 80 
00 03 66 00 00 05 00 00 00 c2 84 00 00 fa 44 80 
00 03 ac 00 00 05 00 00 00 c2 84 00 00 fa 44 80 
00 03 da 00 00 05 00 00 00 c2 84 00 00 fa 44 80 
00 03 e7 00 00 05 00 00 00 c2 84 00 00 fa 44 80 
00 03 f6 00 00 05 00 00 00 c2 84 00 00 fa 44 80 
00 03 e1 00 00 05 00 00 00 c2 84 00 00 fa 44 80 
00 03 7d 00 00 05 00 00 00 c2 84 00 00 fa 44 80 
00 03 90 00 00 05 00 00 00 c2 84 00 00 fa 44 80 
00 03 d2 00 00 05 00 00 00 c2 84 00 00 fa 44 80 
00 03 9f 00 00 05 00 00 00 c2 84 00 00 fa 44 80 
00 03 74 00 00 05 00 00 00 c2 84 00 00 fa 44 80 
00 03 c5 00 00 05 00 00 00 c2 84 00 00 fa 44 80 
00 03 9f 00 00 05 00 00 00 c2 84 00 00 fa 44 80 
00 03 c3 00 00 05 00 00 00 c2 84 00 00 fa 44 80 
00 03 ee 00 00 05 00 00 00 c2 84 00 00 fa 44 80 
00 03 7b 00 00 05 00 00 00 c2 84 00 00 fa 44 80 
00 03 d8 00 00 05 00 00 00 c2 84 00 00 fa 44 80 
00 03 c1 00 00 05 00 00 00 c2 84 00 00 fa 44 80 
00 03 ce 00 00 05 00 00 00 c2 84 00 00 fa 44 80 
00 03 68 00 00 05 00 00 00 c2 84 00 00 fa 44 80 
00 03 96 00 00 05 00 00 00 c2 84 00 00 fa 44 80 
00 03 6c 00 00 05 00 00 00 c2 84 00 00 fa 44 80 
00 03 dd 00 00 05 00 00 00 c2 84 00 00 fa 44 80 
00 03 83 00 00 05 00 00 00 c2 84 00 00 fa 44 80 
00 03 9d 00 00 05 00 00 00 c2 84 00 00 fa 44 80 
00 04 14 00 00 05 00 00 00 c2 84 00 00 fa 44 80 
00 03 d8 00 00 05 00 00 00 c2 84 00 00 fa 44 80 
00 04 2b 00 00 05 00 00 00 c2 84 00 00 fa 44 80 
00 04 0d 00 00 05 00 00 00 c2 84 00 00 fa 44 80 
00 03 d4 00 00 05 00 00 00 c2 84 00 00 fa 44 80 
00 04 3e 00 00 05 00 00 00 c2 84 00 00 fa 44 80 
00 04 1c 00 00 05 00 00 00 c2 84 00 00 fa 44 80 
00 03 c3 00 00 05 00 00 00 c2 84 00 00 fa 44 80 
00 03 e3 00 00 05 00 00 00 c2 84 00 00 fa 44 80 
00 03 bd 00 00 05 00 00 00 c2 84 00 00 fa 44 80 
00 03 e9 00 00 05 00 00 00 c2 84 00 00 fa 44 80 
00 04 10 00 00 05 00 00 00 c2 84 00 00 fa 44 80 
00 03 b2 00 00 05 00 00 00 c2 84 00 00 fa 44 80 
00 03 88 00 00 05 00 00 00 c2 84 00 00 fa 44 80 
00 03 9f 00 00 05 00 00 00 c2 84 00 00 fa 44 80 
00 03 ce 00 00 05 00 00 00 c2 84 00 00 fa 44 80 
00 03 ce 00 00 05 00 00 00 c2 84 00 00 fa 44 80 
00 03 d8 00 00 05 00 00 00 c2 84 00 00 fa 44 80 
00 03 83 00 00 05 00 00 00 c2 84 00 00 fa 44 80 
00 04 23 00 00 05 00 00 00 c2 84 00 00 fa 44 80 
00 03 df 00 00 05 00 00 00 c2 84 00 00 fa 44 80 
00 03 c9 00 00 05 00 00 00 c2 84 00 00 fa 44 80 
00 03 92 00 00 05 00 00 00 c2 84 00 00 fa 44 80 
00 03 ac 00 00 05 00 00 00 c2 84 00 00 fa 44 80 
00 03 96 00 00 05 00 00 00 c2 84 00 00 fa 44 80 
00 03 ae 00 00 05 00 00 00 c2 84 00 00 fa 44 80 
00 03 bf 00 00 05 00 00 00 c2 84 00 00 fa 44 80 
00 03 bd 00 00 05 00 00 00 c2 84 00 00 fa 44 80 
00 04 10 00 00 05 00 00 00 c2 84 00 00 fa 44 80 
00 03 e9 00 00 05 00 00 00 c2 84 00 00 fa 44 80 
00 03 c1 00 00 05 00 00 00 c2 84 00 00 fa 44 80 
00 03 c9 00 00 05 00 00 00 c2 84 00 00 fa 44 80 
00 03 8c 00 00 05 00 00 00 c2 84 00 00 fa 44 80 
00 04 10 00 00 05 00 00 00 c2 84 00 00 fa 44 80 
00 03 a7 00 00 05 00 00 00 c2 84 00 00 fa 44 80 
00 03 f0 00 00 05 00 00 00 c2 84 00 00 fa 44 80 
00 04 1c 00 00 05 00 00 00 c2 84 00 00 fa 44 80 
00 03 f8 00 00 05 00 00 00 c2 84 00 00 fa 44 80 
00 03 c1 00 00 05 00 00 00 c2 84 00 00 fa 44 80 
00 03 ae 00 00 05 00 00 00 c2 84 00 00 fa 44 80 
00 03 ae 00 00 05 00 00 00 c2 84 00 00 fa 44 80 
00 03 f0 00 00 05 00 00 00 c2 84 00 00 fa 44 80 
00 03 b2 00 00 05 00 00 00 c2 84 00 00 fa 44 80 
00 04 2f 00 00 05 00 00 00 c2 84 00 00 fa 44 80 
00 03 e3 00 00 05 00 00 00 c2 84 00 00 fa 44 80 
00 03 b4 00 00 05 00 00 00 c2 84 00 00 fa 44 80 
00 04 40 00 00 05 00 00 00 c2 84 00 00 fa 44 80 
00 03 c1 00 00 05 00 00 00 c2 84 00 00 fa 44 80 
00 03 3b 00 00 05 00 00 00 c2 84 00 00 fa 44 80 
00 03 da 00 00 05 00 00 00 c2 84 00 00 fa 44 80 
00 03 f0 00 00 05 00 00 00 c2 84 00 00 fa 44 80 
00 03 e9 00 00 05 00 00 00 c2 84 00 00 fa 44 80 
00 03 e7 00 00 05 00 00 00 c2 84 00 00 fa 44 80 
00 04 25 00 00 05 00 00 00 c2 84 00 00 fa 44 80 
00 04 38 00 00 05 00 00 00 c2 84 00 00 fa 44 80 
00 04 21 00 00 05 00 00 00 c2 84 00 00 fa 44 80 
00 04 34 00 00 05 00 00 00 c2 84 00 00 fa 44 80 
00 04 3e 00 00 05 00 00 00 c2 84 00 00 fa 44 80 
00 03 c9 00 00 05 00 00 00 c2 84 00 00 fa 44 80 
00 03 b0 00 00 05 00 00 00 c2 84 00 00 fa 44 80 
00 03 88 00 00 05 00 00 00 c2 84 00 00 fa 44 80 
00 04 05 00 00 05 00 00 00 c2 84 00 00 fa 44 80 
00 04 2b 00 00 05 00 00 00 c2 84 00 00 fa 44 80 
00 03 c9 00 00 05 00 00 00 c2 84 00 00 fa 44 80 
00 04 38 00 00 05 00 00 00 c2 84 00 00 fa 44 80 
00 04 18 00 00 05 00 00 00 c2 84 00 00 fa 44 80 
00 03 a5 00 00 05 00 00 00 c2 84 00 00 fa 44 80 
00 03 d0 00 00 05 00 00 00 c2 84 00 00 fa 44 80 
00 03 b4 00 00 05 00 00 00 c2 84 00 00 fa 44 80 
00 03 8e 00 00 05 00 00 00 c2 84 00 00 fa 44 80 
00 03 3d 00 00 05 00 00 00 c2 84 00 00 fa 44 80 
00 03 c3 00 00 05 00 00 00 c2 84 00 00 fa 44 80 
00 03 fa 00 00 05 00 00 00 c2 84 00 00 fa 44 80 
00 03 b6 00 00 05 00 00 00 c2 84 00 00 fa 44 80 
00 04 27 00 00 05 00 00 00 c2 84 00 00 fa 44 80 
00 03 fa 00 00 05 00 00 00 c2 84 00 00 fa 44 80 
00 03 e5 00 00 05 00 00 00 c2 84 00 00 fa 44 80 
00 03 c5 00 00 05 00 00 00 c2 84 00 00 fa 44 80 
00 03 ae 00 00 05 00 00 00 c2 84 00 00 fa 44 80 
00 03 96 00 00 05 00 00 00 c2 84 00 00 fa 44 80 
00 03 aa 00 00 05 00 00 00 c2 84 00 00 fa 44 80 
00 03 c5 00 00 05 00 00 00 c2 84 00 00 fa 44 80 
00 03 ee 00 00 05 00 00 00 c2 84 00 00 fa 44 80 
00 04 2d 00 00 05 00 00 00 c2 84 00 00 fa 44 80 
00 04 2d 00 00 05 00 00 00 c2 84 00 00 fa 44 80 
00 03 ce 00 00 05 00 00 00 c2 84 00 00 fa 44 80 
00 03 c9 00 00 05 00 00 00 c2 84 00 00 fa 44 80 
00 04 09 00 00 05 00 00 00 c2 84 00 00 fa 44 80 
00 04 0b 00 00 05 00 00 00 c2 84 00 00 fa 44 80 
00 04 34 00 00 05 00 00 00 c2 84 00 00 fa 44 80 
00 04 05 00 00 05 00 00 00 c2 84 00 00 fa 44 80 
00 04 40 00 00 05 00 00 00 c2 84 00 00 fa 44 80 
00 04 57 00 00 05 00 00 00 c2 84 00 00 fa 44 80 
00 03 fa 00 00 05 00 00 00 c2 84 00 00 fa 44 80 
00 04 59 00 00 05 00 00 00 c2 84 00 00 fa 44 80 
00 04 79 00 00 05 00 00 00 c2 84 00 00 fa 44 80 
00 04 79 00 00 05 00 00 00 c2 84 00 00 fa 44 80 
00 04 4e 00 00 05 00 00 00 c2 84 00 00 fa 44 80 
00 04 52 00 00 05 00 00 00 c2 84 00 00 fa 44 80 
00 04 77 00 00 05 00 00 00 c2 84 00 00 fa 44 80 
00 04 32 00 00 05 00 00 00 c2 84 00 00 fa 44 80 
00 04 44 00 00 05 00 00 00 c2 84 00 00 fa 44 80 
00 04 18 00 00 05 00 00 00 c2 84 00 00 fa 44 80 
00 03 ee 00 00 05 00 00 00 c2 84 00 00 fa 44 80 
00 03 ff 00 00 05 00 00 00 c2 84 00 00 fa 44 80 
00 03 7b 00 00 05 00 00 00 c2 84 00 00 fa 44 80 
00 03 c9 00 00 05 00 00 00 c2 84 00 00 fa 44 80 
00 03 e1 00 00 05 00 00 00 c2 84 00 00 fa 44 80 
00 04 1a 00 00 05 00 00 00 c2 84 00 00 fa 44 80 
00 03 ff 00 00 05 00 00 00 c2 84 00 00 fa 44 80 
00 03 99 00 00 05 00 00 00 c2 84 00 00 fa 44 80 
00 03 f4 00 00 05 00 00 00 c2 84 00 00 fa 44 80 
00 04 2d 00 00 05 00 00 00 c2 84 00 00 fa 44 80 
00 03 ce 00 00 05 00 00 00 c2 84 00 00 fa 44 80 
00 03 e5 00 00 05 00 00 00 c2 84 00 00 fa 44 80 
00 03 e1 00 00 05 00 00 00 c2 84 00 00 fa 44 80 
00 04 40 00 00 05 00 00 00 c2 84 00 00 fa 44 80 
00 04 14 00 00 05 00 00 00 c2 84 00 00 fa 44 80 
00 03 e3 00 00 05 00 00 00 c2 84 00 00 fa 44 80 
00 03 fc 00 00 05 00 00 00 c2 84 00 00 fa 44 80 
00 03 d0 00 00 05 00 00 00 c2 84 00 00 fa 44 80 
00 03 99 00 00 05 00 00 00 c2 84 00 00 fa 44 80 
00 03 d4 00 00 05 00 00 00 c2 84 00 00 fa 44 80 
00 03 94 00 00 05 00 00 00 c2 84 00 00 fa 44 80 
00 04 2f 00 00 05 00 00 00 c2 84 00 00 fa 44 80 
00 04 05 00 00 05 00 00 00 c2 84 00 00 fa 44 80 
00 03 e9 00 00 05 00 00 00 c2 84 00 00 fa 44 80 
00 04 63 00 00 05 00 00 00 c2 84 00 00 fa 44 80 
00 04 16 00 00 05 00 00 00 c2 84 00 00 fa 44 80 
00 04 1a 00 00 05 00 00 00 c2 84 00 00 fa 44 80 
00 04 1c 00 00 05 00 00 00 c2 84 00 00 fa 44 80 
00 04 52 00 00 05 00 00 00 c2 84 00 00 fa 44 80 
00 04 3c 00 00 05 00 00 00 c2 84 00 00 fa 44 80 
00 03 b6 00 00 05 00 00 00 c2 84 00 00 fa 44 80 
00 04 0b 00 00 05 00 00 00 c2 84 00 00 fa 44 80 
00 04 01 00 00 05 00 00 00 c2 84 00 00 fa 44 80 
00 03 df 00 00 05 00 00 00 c2 84 00 00 fa 44 80 
00 04 01 00 00 05 00 00 00 c2 84 00 00 fa 44 80 
00 03 d6 00 00 05 00 00 00 c2 84 00 00 fa 44 80 
00 03 e7 00 00 05 00 00 00 c2 84 00 00 fa 44 80 
00 04 0d 00 00 05 00 00 00 c2 84 00 00 fa 44 80 
00 03 c5 00 00 05 00 00 00 c2 84 00 00 fa 44 80 
00 04 05 00 00 05 00 00 00 c2 84 00 00 fa 44 80 
00 04 34 00 00 05 00 00 00 c2 84 00 00 fa 44 80 
00 04 1c 00 00 05 00 00 00 c2 84 00 00 fa 44 80 
00 04 10 00 00 05 00 00 00 c2 84 00 00 fa 44 80 
00 04 40 00 00 05 00 00 00 c2 84 00 00 fa 44 80 
00 04 5d 00 00 05 00 00 00 c2 84 00 00 fa 44 80 
00 04 23 00 00 05 00 00 00 c2 84 00 00 fa 44 80 
00 03 b4 00 00 05 00 00 00 c2 84 00 00 fa 44 80 
00 03 eb 00 00 05 00 00 00 c2 84 00 00 fa 44 80 
00 03 e7 00 00 05 00 00 00 c2 84 00 00 fa 44 80 
00 03 da 00 00 05 00 00 00 c2 84 00 00 fa 44 80 
00 04 40 00 00 05 00 00 00 c2 84 00 00 fa 44 80 
00 04 1c 00 00 05 00 00 00 c2 84 00 00 fa 44 80 
00 03 e7 00 00 05 00 00 00 c2 84 00 00 fa 44 80 
00 04 44 00 00 05 00 00 00 c2 84 00 00 fa 44 80 
00 04 1e 00 00 05 00 00 00 c2 84 00 00 fa 44 80 
00 03 dd 00 00 05 00 00 00 c2 84 00 00 fa 44 80 
00 04 50 00 00 05 00 00 00 c2 84 00 00 fa 44 80 
00 04 25 00 00 05 00 00 00 c2 84 00 00 fa 44 80 
00 03 c3 00 00 05 00 00 00 c2 84 00 00 fa 44 80 
00 04 2b 00 00 05 00 00 00 c2 84 00 00 fa 44 80 
00 04 27 00 00 05 00 00 00 c2 84 00 00 fa 44 80 
00 04 23 00 00 05 00 00 00 c2 84 00 00 fa 44 80 
00 03 92 00 00 05 00 00 00 c2 84 00 00 fa 44 80 
00 03 ff 00 00 05 00 00 00 c2 84 00 00 fa 44 80 
00 04 3e 00 00 05 00 00 00 c2 84 00 00 fa 44 80 
00 04 23 00 00 05 00 00 00 c2 84 00 00 fa 44 80 
00 04 1e 00 00 05 00 00 00 c2 84 00 00 fa 44 80 
00 04 0b 00 00 05 00 00 00 c2 84 00 00 fa 44 80 
00 04 7f 00 00 05 00 00 00 c2 84 00 00 fa 44 80 
00 04 1c 00 00 05 00 00 00 c2 84 00 00 fa 44 80 
00 04 23 00 00 05 00 00 00 c2 84 00 00 fa 44 80 
00 04 3e 00 00 05 00 00 00 c2 84 00 00 fa 44 80 
00 03 d2 00 00 05 00 00 00 c2 84 00 00 fa 44 80 
00 04 29 00 00 05 00 00 00 c2 84 00 00 fa 44 80 
00 03 e5 00 00 05 00 00 00 c2 84 00 00 fa 44 80 
00 04 59 00 00 05 00 00 00 c2 84 00 00 fa 44 80 
00 04 0b 00 00 05 00 00 00 c2 84 00 00 fa 44 80 
00 03 f6 00 00 05 00 00 00 c2 84 00 00 fa 44 80 
00 03 d2 00 00 05 00 00 00 c2 84 00 00 fa 44 80 
00 03 d4 00 00 05 00 00 00 c2 84 00 00 fa 44 80 
00 04 21 00 00 05 00 00 00 c2 84 00 00 fa 44 80 
00 04 1e 00 00 05 00 00 00 c2 84 00 00 fa 44 80 
00 04 16 00 00 05 00 00 00 c2 84 00 00 fa 44 80 
00 03 f0 00 00 05 00 00 00 c2 84 00 00 fa 44 80 
00 03 f4 00 00 05 00 00 00 c2 84 00 00 fa 44 80 
00 04 7b 00 00 05 00 00 00 c2 84 00 00 fa 44 80 
00 04 50 00 00 05 00 00 00 c2 84 00 00 fa 44 80 
00 03 e5 00 00 05 00 00 00 c2 84 00 00 fa 44 80 
00 04 0b 00 00 05 00 00 00 c2 84 00 00 fa 44 80 
00 03 f0 00 00 05 00 00 00 c2 84 00 00 fa 44 80 
00 03 e1 00 00 05 00 00 00 c2 84 00 00 fa 44 80 
00 04 2d 00 00 05 00 00 00 c2 84 00 00 fa 44 80 
00 03 f2 00 00 05 00 00 00 c2 84 00 00 fa 44 80 
00 03 f6 00 00 05 00 00 00 c2 84 00 00 fa 44 80 
00 03 c7 00 00 05 00 00 00 c2 84 00 00 fa 44 80 
00 03 aa 00 00 05 00 00 00 c2 84 00 00 fa 44 80 
00 03 f4 00 00 05 00 00 00 c2 84 00 00 fa 44 80 
00 03 f8 00 00 05 00 00 00 c2 84 00 00 fa 44 80 
00 04 2d 00 00 05 00 00 00 c2 84 00 00 fa 44 80 
00 03 f4 00 00 05 00 00 00 c2 84 00 00 fa 44 80 
00 04 1a 00 00 05 00 00 00 c2 84 00 00 fa 44 80 
00 04 1c 00 00 05 00 00 00 c2 84 00 00 fa 44 80 
00 03 bd 00 00 05 00 00 00 c2 84 00 00 fa 44 80 
00 03 c9 00 00 05 00 00 00 c2 84 00 00 fa 44 80 
00 03 c9 00 00 05 00 00 00 c2 84 00 00 fa 44 80 
00 03 a3 00 00 05 00 00 00 c2 84 00 00 fa 44 80 
00 03 6a 00 00 05 00 00 00 c2 84 00 00 fa 44 80 
00 03 96 00 00 05 00 00 00 c2 84 00 00 fa 44 80 
00 03 72 00 00 05 00 00 00 c2 84 00 00 fa 44 80 
00 03 92 00 00 05 00 00 00 c2 84 00 00 fa 44 80 
00 03 b2 00 00 05 00 00 00 c2 84 00 00 fa 44 80 
00 03 c1 00 00 05 00 00 00 c2 84 00 00 fa 44 80 
00 03 bb 00 00 05 00 00 00 c2 84 00 00 fa 44 80 
00 03 e5 00 00 05 00 00 00 c2 84 00 00 fa 44 80 
00 03 f4 00 00 05 00 00 00 c2 84 00 00 fa 44 80 
00 03 bd 00 00 05 00 00 00 c2 84 00 00 fa 44 80 
00 03 99 00 00 05 00 00 00 c2 84 00 00 fa 44 80 
00 03 b0 00 00 05 00 00 00 c2 84 00 00 fa 44 80 
00 03 bf 00 00 05 00 00 00 c2 84 00 00 fa 44 80 
00 03 d0 00 00 05 00 00 00 c2 84 00 00 fa 44 80 
00 03 d4 00 00 05 00 00 00 c2 84 00 00 fa 44 80 
00 04 21 00 00 05 00 00 00 c2 84 00 00 fa 44 80 
00 03 bf 00 00 05 00 00 00 c2 84 00 00 fa 44 80 
00 04 34 00 00 05 00 00 00 c2 84 00 00 fa 44 80 
00 03 d2 00 00 05 00 00 00 c2 84 00 00 fa 44 80 
00 03 9d 00 00 05 00 00 00 c2 84 00 00 fa 44 80 
00 03 bb 00 00 05 00 00 00 c2 84 00 00 fa 44 80 
00 04 27 00 00 05 00 00 00 c2 84 00 00 fa 44 80 
00 04 48 00 00 05 00 00 00 c2 84 00 00 fa 44 80 
00 03 e5 00 00 05 00 00 00 c2 84 00 00 fa 44 80 
00 03 ee 00 00 05 00 00 00 c2 84 00 00 fa 44 80 
00 03 d0 00 00 05 00 00 00 c2 84 00 00 fa 44 80 
00 03 ce 00 00 05 00 00 00 c2 84 00 00 fa 44 80 
00 03 a1 00 00 05 00 00 00 c2 84 00 00 fa 44 80 
00 04 0d 00 00 05 00 00 00 c2 84 00 00 fa 44 80 
00 04 0b 00 00 05 00 00 00 c2 84 00 00 fa 44 80 
00 04 14 00 00 05 00 00 00 c2 84 00 00 fa 44 80 
00 03 b0 00 00 05 00 00 00 c2 84 00 00 fa 44 80 
00 03 bb 00 00 05 00 00 00 c2 84 00 00 fa 44 80 
00 04 1c 00 00 05 00 00 00 c2 84 00 00 fa 44 80 
00 03 fa 00 00 05 00 00 00 c2 84 00 00 fa 44 80 
00 04 16 00 00 05 00 00 00 c2 84 00 00 fa 44 80 
00 04 48 00 00 05 00 00 00 c2 84 00 00 fa 44 80 
00 04 3e 00 00 05 00 00 00 c2 84 00 00 fa 44 80 
00 04 18 00 00 05 00 00 00 c2 84 00 00 fa 44 80 
00 03 a1 00 00 05 00 00 00 c2 84 00 00 fa 44 80 
00 04 21 00 00 05 00 00 00 c2 84 00 00 fa 44 80 
00 04 66 00 00 05 00 00 00 c2 84 00 00 fa 44 80 
00 04 03 00 00 05 00 00 00 c2 84 00 00 fa 44 80 
00 04 38 00 00 05 00 00 00 c2 84 00 00 fa 44 80 
00 03 a7 00 00 05 00 00 00 c2 84 00 00 fa 44 80 
00 03 b4 00 00 05 00 00 00 c2 84 00 00 fa 44 80 
00 03 8e 00 00 05 00 00 00 c2 84 00 00 fa 44 80 
00 03 e3 00 00 05 00 00 00 c2 84 00 00 fa 44 80 
00 03 ff 00 00 05 00 00 00 c2 84 00 00 fa 44 80 
00 03 c9 00 00 05 00 00 00 c2 84 00 00 fa 44 80 
00 03 f4 00 00 05 00 00 00 c2 84 00 00 fa 44 80 
00 04 0b 00 00 05 00 00 00 c2 84 00 00 fa 44 80 
00 03 da 00 00 05 00 00 00 c2 84 00 00 fa 44 80 
00 03 df 00 00 05 00 00 00 c2 84 00 00 fa 44 80 
00 04 01 00 00 05 00 00 00 c2 84 00 00 fa 44 80 
00 04 23 00 00 05 00 00 00 c2 84 00 00 fa 44 80 
00 04 74 00 00 05 00 00 00 c2 84 00 00 fa 44 80 
00 04 34 00 00 05 00 00 00 c2 84 00 00 fa 44 80 
00 04 09 00 00 05 00 00 00 c2 84 00 00 fa 44 80 
00 03 dd 00 00 05 00 00 00 c2 84 00 00 fa 44 80 
00 03 dd 00 00 05 00 00 00 c2 84 00 00 fa 44 80 
00 03 fc 00 00 05 00 00 00 c2 84 00 00 fa 44 80 
00 04 59 00 00 05 00 00 00 c2 84 00 00 fa 44 80 
00 03 f0 00 00 05 00 00 00 c2 84 00 00 fa 44 80 
00 04 55 00 00 05 00 00 00 c2 84 00 00 fa 44 80 
00 04 7f 00 00 05 00 00 00 c2 84 00 00 fa 44 80 
00 03 f4 00 00 05 00 00 00 c2 84 00 00 fa 44 80 
00 03 eb 00 00 05 00 00 00 c2 84 00 00 fa 44 80 
00 04 01 00 00 05 00 00 00 c2 84 00 00 fa 44 80 
00 03 ee 00 00 05 00 00 00 c2 84 00 00 fa 44 80 
00 03 ee 00 00 05 00 00 00 c2 84 00 00 fa 44 80 
00 04 23 00 00 05 00 00 00 c2 84 00 00 fa 44 80 
00 03 bf 00 00 05 00 00 00 c2 84 00 00 fa 44 80 
00 03 e1 00 00 05 00 00 00 c2 84 00 00 fa 44 80 
00 03 f0 00 00 05 00 00 00 c2 84 00 00 fa 44 80 
00 04 3e 00 00 05 00 00 00 c2 84 00 00 fa 44 80 
00 04 74 00 00 05 00 00 00 c2 84 00 00 fa 44 80 
00 04 25 00 00 05 00 00 00 c2 84 00 00 fa 44 80 
00 04 74 00 00 05 00 00 00 c2 84 00 00 fa 44 80 
00 04 36 00 00 05 00 00 00 c2 84 00 00 fa 44 80 
00 04 03 00 00 05 00 00 00 c2 84 00 00 fa 44 80 
00 04 36 00 00 05 00 00 00 c2 84 00 00 fa 44 80 
00 04 12 00 00 05 00 00 00 c2 84 00 00 fa 44 80 
00 04 2f 00 00 05 00 00 00 c2 84 00 00 fa 44 80 
00 04 55 00 00 05 00 00 00 c2 84 00 00 fa 44 80 
00 04 40 00 00 05 00 00 00 c2 84 00 00 fa 44 80 
00 03 ff 00 00 05 00 00 00 c2 84 00 00 fa 44 80 
00 04 10 00 00 05 00 00 00 c2 84 00 00 fa 44 80 
00 04 07 00 00 05 00 00 00 c2 84 00 00 fa 44 80 
00 03 ce 00 00 05 00 00 00 c2 84 00 00 fa 44 80 
00 04 03 00 00 05 00 00 00 c2 84 00 00 fa 44 80 
00 04 03 00 00 05 00 00 00 c2 84 00 00 fa 44 80 
00 04 12 00 00 05 00 00 00 c2 84 00 00 fa 44 80 
00 03 e9 00 00 00 00 00 00 fa 44 00 00 05 00 80 
00 03 d2 00 00 05 00 00 00 00 00 00 00 fa 44 80 
00 03 e5 00 00 05 00 00 00 00 00 00 00 fa 44 80 
00 03 9b 00 00 05 00 00 00 00 00 00 00 fa 44 80 
00 03 ee 00 00 05 00 00 00 00 00 00 00 fa 44 80 
00 04 77 00 00 05 00 00 00 00 00 00 00 fa 44 80 
00 04 12 00 00 05 00 00 00 00 00 00 00 fa 44 80 
00 04 3a 00 00 05 00 00 00 00 00 00 00 fa 44 80 
00 04 25 00 00 05 00 00 00 00 00 00 00 fa 44 80 
00 04 5b 00 00 05 00 00 00 00 00 00 00 fa 44 80 
00 04 3c 00 00 05 00 00 00 00 00 00 00 fa 44 80 
00 04 23 00 00 05 00 00 00 00 00 00 00 fa 44 80 
00 04 72 00 00 05 00 00 00 00 00 00 00 fa 44 80 
00 04 25 00 00 05 00 00 00 00 00 00 00 fa 44 80 
00 04 46 00 00 05 00 00 00 00 00 00 00 fa 44 80 
00 04 38 00 00 05 00 00 00 00 00 00 00 fa 44 80 
00 04 21 00 00 05 00 00 00 00 00 00 00 fa 44 80 
00 04 16 00 00 05 00 00 00 00 00 00 00 fa 44 80 
00 04 36 00 00 05 00 00 00 00 00 00 00 fa 44 80 
00 04 68 00 00 05 00 00 00 00 00 00 00 fa 44 80 
00 04 25 00 00 05 00 00 00 00 00 00 00 fa 44 80 
00 04 2d 00 00 05 00 00 00 00 00 00 00 fa 44 80 
00 03 c7 00 00 05 00 00 00 00 00 00 00 fa 44 80 
00 03 dd 00 00 05 00 00 00 00 00 00 00 fa 44 80 
00 03 e3 00 00 05 00 00 00 00 00 00 00 fa 44 80 
00 04 1a 00 00 05 00 00 00 00 00 00 00 fa 44 80 
00 03 9d 00 00 05 00 00 00 00 00 00 00 fa 44 80 
00 04 40 00 00 05 00 00 00 00 00 00 00 fa 44 80 
00 04 3e 00 00 05 00 00 00 00 00 00 00 fa 44 80 
00 03 e1 00 00 05 00 00 00 00 00 00 00 fa 44 80 
00 04 07 00 00 05 00 00 00 00 00 00 00 fa 44 80 
00 03 c1 00 00 05 00 00 00 00 00 00 00 fa 44 80 
00 04 07 00 00 05 00 00 00 00 00 00 00 fa 44 80 
00 03 88 00 00 05 00 00 00 00 00 00 00 fa 44 80 
00 04 0d 00 00 05 00 00 00 00 00 00 00 fa 44 80 
00 04 27 00 00 05 00 00 00 00 00 00 00 fa 44 80 
00 03 f8 00 00 05 00 00 00 00 00 00 00 fa 44 80 
00 03 b2 00 00 05 00 00 00 00 00 00 00 fa 44 80 
00 03 ae 00 00 05 00 00 00 00 00 00 00 fa 44 80 
00 03 bf 00 00 05 00 00 00 00 00 00 00 fa 44 80 
00 03 da 00 00 05 00 00 00 00 00 00 00 fa 44 80 
00 03 b2 00 00 05 00 00 00 00 00 00 00 fa 44 80 
00 03 94 00 00 05 00 00 00 00 00 00 00 fa 44 80 
00 03 fa 00 00 05 00 00 00 00 00 00 00 fa 44 80 
00 03 da 00 00 05 00 00 00 00 00 00 00 fa 44 80 
00 04 1e 00 00 05 00 00 00 00 00 00 00 fa 44 80 
00 03 df 00 00 05 00 00 00 00 00 00 00 fa 44 80 
00 03 c7 00 00 05 00 00 00 00 00 00 00 fa 44 80 
00 04 36 00 00 05 00 00 00 00 00 00 00 fa 44 80 
00 04 07 00 00 05 00 00 00 00 00 00 00 fa 44 80 
00 04 4e 00 00 05 00 00 00 00 00 00 00 fa 44 80 
00 04 23 00 00 05 00 00 00 00 00 00 00 fa 44 80 
00 04 12 00 00 05 00 00 00 00 00 00 00 fa 44 80 
00 04 1e 00 00 05 00 00 00 00 00 00 00 fa 44 80 
00 03 ee 00 00 05 00 00 00 00 00 00 00 fa 44 80 
00 03 ee 00 00 05 00 00 00 00 00 00 00 fa 44 80 
00 03 e5 00 00 05 00 00 00 00 00 00 00 fa 44 80 
00 03 b2 00 00 05 00 00 00 00 00 00 00 fa 44 80 
00 03 df 00 00 05 00 00 00 00 00 00 00 fa 44 80 
00 04 21 00 00 05 00 00 00 00 00 00 00 fa 44 80 
00 03 d8 00 00 05 00 00 00 00 00 00 00 fa 44 80 
00 03 df 00 00 05 00 00 00 00 00 00 00 fa 44 80 
00 04 70 00 00 05 00 00 00 00 00 00 00 fa 44 80 
00 04 8e 00 00 05 00 00 00 00 00 00 00 fa 44 80 
00 04 83 00 00 05 00 00 00 00 00 00 00 fa 44 80 
00 04 7d 00 00 05 00 00 00 00 00 00 00 fa 44 80 
00 03 eb 00 00 05 00 00 00 00 00 00 00 fa 44 80 
00 04 09 00 00 05 00 00 00 00 00 00 00 fa 44 80 
00 04 38 00 00 05 00 00 00 00 00 00 00 fa 44 80 
00 04 72 00 00 05 00 00 00 00 00 00 00 fa 44 80 
00 04 3c 00 00 05 00 00 00 00 00 00 00 fa 44 80 
00 04 2f 00 00 05 00 00 00 00 00 00 00 fa 44 80 
00 03 d8 00 00 05 00 00 00 00 00 00 00 fa 44 80 
00 04 2b 00 00 05 00 00 00 00 00 00 00 fa 44 80 
00 04 92 00 00 05 00 00 00 00 00 00 00 fa 44 80 
00 04 10 00 00 05 00 00 00 00 00 00 00 fa 44 80 
00 04 66 00 00 05 00 00 00 00 00 00 00 fa 44 80 
00 04 5b 00 00 05 00 00 00 00 00 00 00 fa 44 80 
00 04 2f 00 00 05 00 00 00 00 00 00 00 fa 44 80 
00 04 5d 00 00 05 00 00 00 00 00 00 00 fa 44 80 
00 04 6a 00 00 05 00 00 00 00 00 00 00 fa 44 80 
00 04 0d 00 00 05 00 00 00 00 00 00 00 fa 44 80 
00 04 1a 00 00 05 00 00 00 00 00 00 00 fa 44 80 
00 04 2d 00 00 05 00 00 00 00 00 00 00 fa 44 80 
00 04 85 00 00 05 00 00 00 00 00 00 00 fa 44 80 
00 04 4a 00 00 05 00 00 00 00 00 00 00 fa 44 80 
00 04 21 00 00 05 00 00 00 00 00 00 00 fa 44 80 
00 04 38 00 00 05 00 00 00 00 00 00 00 fa 44 80 
00 04 3a 00 00 05 00 00 00 00 00 00 00 fa 44 80 
00 04 29 00 00 05 00 00 00 00 00 00 00 fa 44 80 
00 04 21 00 00 05 00 00 00 00 00 00 00 fa 44 80 
00 04 77 00 00 05 00 00 00 00 00 00 00 fa 44 80 
00 04 48 00 00 05 00 00 00 00 00 00 00 fa 44 80 
00 04 32 00 00 05 00 00 00 00 00 00 00 fa 44 80 
00 03 bb 00 00 05 00 00 00 00 00 00 00 fa 44 80 
00 04 16 00 00 05 00 00 00 00 00 00 00 fa 44 80 
00 03 c1 00 00 05 00 00 00 00 00 00 00 fa 44 80 
00 03 e5 00 00 05 00 00 00 00 00 00 00 fa 44 80 
00 04 25 00 00 05 00 00 00 00 00 00 00 fa 44 80 
00 03 df 00 00 05 00 00 00 00 00 00 00 fa 44 80 
00 03 f8 00 00 05 00 00 00 00 00 00 00 fa 44 80 
00 04 29 00 00 05 00 00 00 00 00 00 00 fa 44 80 
00 03 fa 00 00 05 00 00 00 00 00 00 00 fa 44 80 
00 03 f4 00 00 05 00 00 00 00 00 00 00 fa 44 80 
00 04 88 00 00 05 00 00 00 00 00 00 00 fa 44 80 
00 04 2d 00 00 05 00 00 00 00 00 00 00 fa 44 80 
00 04 6c 00 00 05 00 00 00 00 00 00 00 fa 44 80 
00 04 77 00 00 05 00 00 00 00 00 00 00 fa 44 80 
00 04 3e 00 00 05 00 00 00 00 00 00 00 fa 44 80 
00 04 12 00 00 05 00 00 00 00 00 00 00 fa 44 80 
00 04 57 00 00 05 00 00 00 00 00 00 00 fa 44 80 
00 03 dd 00 00 05 00 00 00 00 00 00 00 fa 44 80 
00 03 fc 00 00 05 00 00 00 00 00 00 00 fa 44 80 
00 04 14 00 00 05 00 00 00 00 00 00 00 fa 44 80 
00 03 f4 00 00 05 00 00 00 00 00 00 00 fa 44 80 
00 03 99 00 00 05 00 00 00 00 00 00 00 fa 44 80 
00 03 d4 00 00 05 00 00 00 00 00 00 00 fa 44 80 
00 04 34 00 00 05 00 00 00 00 00 00 00 fa 44 80 
00 03 ff 00 00 05 00 00 00 00 00 00 00 fa 44 80 
00 03 f6 00 00 05 00 00 00 00 00 00 00 fa 44 80 
00 04 0b 00 00 05 00 00 00 00 00 00 00 fa 44 80 
00 03 ff 00 00 05 00 00 00 00 00 00 00 fa 44 80 
00 04 36 00 00 05 00 00 00 00 00 00 00 fa 44 80 
00 04 05 00 00 05 00 00 00 00 00 00 00 fa 44 80 
00 03 f4 00 00 05 00 00 00 00 00 00 00 fa 44 80 
00 04 09 00 00 05 00 00 00 00 00 00 00 fa 44 80 
00 04 10 00 00 05 00 00 00 00 00 00 00 fa 44 80 
00 03 ff 00 00 05 00 00 00 00 00 00 00 fa 44 80 
00 03 f4 00 00 05 00 00 00 00 00 00 00 fa 44 80 
00 03 f4 00 00 05 00 00 00 00 00 00 00 fa 44 80 
00 03 a5 00 00 05 00 00 00 00 00 00 00 fa 44 80 
00 04 07 00 00 05 00 00 00 00 00 00 00 fa 44 80 
00 04 36 00 00 05 00 00 00 00 00 00 00 fa 44 80 
00 04 1e 00 00 fa 5e 00 00 00 00 00 00 fa 44 80 
