ff f4 6a 00 00 90 5d 00 00 a8 55 00 00 90 5d 00 
00 07 eb 00 00 90 5d 00 00 a8 55 00 00 90 5d 00 
00 0a 35 00 00 90 5d 00 00 a8 55 00 00 90 5d 00 
00 0a 74 00 00 90 5d 00 00 a8 55 00 00 90 5d 00 
00 0a 70 00 00 90 5d 00 00 a8 55 00 00 90 5d 00 
00 0a 59 00 00 90 5d 00 00 a8 55 00 00 90 5d 00 
00 0a 7f 00 00 90 5d 00 00 a8 55 00 00 90 5d 00 
00 0a 08 00 00 90 5d 00 00 a8 55 00 00 90 5d 00 
00 0a 8f 00 00 90 5d 00 00 a8 55 00 00 90 5d 00 
00 0a 95 00 00 90 5d 00 00 a8 55 00 00 90 5d 00 
00 0a 55 00 00 90 5d 00 00 a8 55 00 00 90 5d 00 
00 0a 50 00 00 90 5d 00 00 a8 55 00 00 90 5d 00 
00 0a b3 00 00 90 5d 00 00 a8 55 00 00 90 5d 00 
00 0a 5e 00 00 90 5d 00 00 a8 55 00 00 90 5d 00 
00 0a 5a 00 00 90 5d 00 00 a8 55 00 00 90 5d 00 
00 0a 76 00 00 90 5d 00 00 a8 55 00 00 90 5d 00 
00 0a 4d 00 00 90 5d 00 00 a8 55 00 00 90 5d 00 
00 0a 8a 00 00 90 5d 00 00 a8 55 00 00 90 5d 00 
00 0a 65 00 00 90 5d 00 00 a8 55 00 00 90 5d 00 
00 0a 45 00 00 90 5d 00 00 a8 55 00 00 90 5d 00 
00 0a 8b 00 00 90 5d 00 00 a8 55 00 00 90 5d 00 
00 24 7d 00 00 90 5d 00 00 a8 55 00 00 90 5d 00 
00 24 a9 00 00 90 5d 00 00 a8 55 00 00 90 5d 00 
00 24 99 00 00 90 5d 00 00 a8 55 00 00 90 5d 00 
00 24 3a 00 00 90 5d 00 00 a8 55 00 00 90 5d 00 
00 24 d7 00 00 90 5d 00 00 a8 55 00 00 90 5d 00 
00 24 db 00 00 90 5d 00 00 a8 55 00 00 90 5d 00 
00 24 4f 00 00 90 5d 00 00 a8 55 00 00 90 5d 00 
00 24 dc 00 00 90 5d 00 00 a8 55 00 00 90 5d 00 
